
> reds=read.csv("winequality-red.csv")

> whites=read.csv("winequality-white.csv")

> min_itr=1

> max_itr=30

>   # Determine the appropriate number of clusters to use. 
>   
> n_clusters_reds = (nrow(reds)-1)*sum(apply(reds,2,var))

> n_clusters_whites = (nrow(whites)-1)*sum(apply(whites,2,var))

> for (i in min_itr:max_itr) n_clusters_reds[i] <- sum(kmeans(reds,centers=i,iter.max =30)$withinss)

> n_clusters_reds
 [1] 1915121.79  692917.02  396314.53  284696.35  222180.07  194422.50
 [7]  178655.53  165132.23  153473.13  133340.56  129228.62  124198.36
[13]  115636.01  110049.71  107950.34   68192.51   69595.94   67898.86
[19]   67101.64   64170.96   53153.37   59649.83   57493.77   54282.46
[25]   57786.41   58596.26   52497.67   56527.27   45446.90   52118.17

> for (i in min_itr:max_itr) n_clusters_whites[i] <- sum(kmeans(whites,centers=i,iter.max=30)$withinss)

> lop_off=2

> plot(lop_off:max_itr, n_clusters_reds[lop_off:max_itr], main="Red Wines Data", type="b", xlab="Number of Clusters", ylab="Within Groups Sum of Squares")

> dev.new() # allows for a new plot window.

> plot(lop_off:max_itr, n_clusters_whites[lop_off:max_itr], main="White Wines Data", type="b", xlab="Number of Clusters", ylab="Within Groups Sum of Squares")

>   # Using the results of these plots, we can now propt the user to select 
>   # his preferred k. 
>   
>   k.reds <- readline("Select preferred K for red wines")

>   k.whites <- readline("Select preferred K for white wines")

>   k.reds <- as.integer(k.reds)

>   k.whites <- as.integer(k.whites)

>   reds.fit <- kmeans(reds,k.reds, iter.max=30)

> 	whites.fit <- kmeans(whites,k.whites, iter.max=30)

> 	reds.fit
K-means clustering with 16 clusters of sizes 48, 102, 74, 206, 60, 126, 2, 80, 39, 153, 100, 87, 200, 151, 41, 130

Cluster means:
   fixed.acidity volatile.acidity citric.acid residual.sugar  chlorides
1       8.127083        0.5689583   0.3285417       3.025000 0.08985417
2       7.692157        0.6122549   0.2287255       2.779412 0.08577451
3       8.786486        0.4775000   0.3516216       2.821622 0.09439189
4       8.510194        0.5294660   0.2841262       2.454612 0.08466990
5       7.966667        0.5610000   0.2803333       3.120000 0.08548333
6       8.773810        0.5291270   0.2853175       2.626190 0.09590476
7       7.900000        0.3000000   0.6800000       8.300000 0.05000000
8       8.053750        0.5797500   0.2873750       2.316250 0.11600000
9       7.876923        0.5223077   0.2797436       4.446154 0.09810256
10      9.200000        0.4954248   0.3132026       2.392157 0.08278431
11      7.850000        0.5020500   0.2212000       2.463500 0.07597000
12      8.024138        0.4907471   0.2713793       2.373563 0.08991954
13      8.793000        0.5062250   0.3035000       2.462750 0.08724500
14      8.252318        0.5302649   0.2435762       2.327483 0.08813245
15      7.719512        0.5163415   0.1882927       2.023171 0.07578049
16      7.403077        0.5458077   0.1750769       2.132308 0.07693077
   free.sulfur.dioxide total.sulfur.dioxide   density       pH sulphates
1            32.010417            140.02083 0.9970402 3.227083 0.7441667
2            19.568627             89.42157 0.9968629 3.349216 0.6209804
3            29.432432             71.83784 0.9973755 3.300676 0.6714865
4             4.844660             11.82524 0.9963340 3.310146 0.6160194
5            20.166667            111.78333 0.9971158 3.266333 0.6585000
6            13.170635             47.26984 0.9973936 3.289841 0.6643651
7            37.500000            283.50000 0.9931600 3.010000 0.5100000
8            14.337500             66.10000 0.9969004 3.277375 0.6726250
9            43.820513             97.92308 0.9968821 3.280000 0.6166667
10            7.901961             26.51634 0.9976234 3.261765 0.6892810
11           24.810000             42.65000 0.9959376 3.343500 0.6705000
12           24.344828             56.27586 0.9968307 3.349655 0.7067816
13            7.695000             18.73000 0.9967125 3.277150 0.6606000
14           13.072848             36.54967 0.9968950 3.348609 0.6319868
15           38.512195             56.85366 0.9961493 3.405610 0.7282927
16           15.192308             27.36154 0.9955687 3.382000 0.6401538
     alcohol  quality
1   9.816667 5.125000
2  10.100980 5.441176
3  10.305405 5.554054
4  10.816748 5.684466
5   9.835000 5.133333
6  10.270635 5.579365
7  12.300000 7.000000
8   9.828542 5.275000
9  10.226923 5.461538
10 10.205338 5.725490
11 10.760500 5.930000
12 10.520690 5.712644
13 10.601250 5.800000
14 10.357616 5.688742
15 10.558537 5.634146
16 10.847308 5.792308

Clustering vector:
   [1] 14  3  6  8 14 14  8 16 13  5  8  5  8 10  1  1  9 12 10 12 12  3 14  8
  [25] 11 10  4 14 14 13  2 11  5  9  6 13  4 16 13  2  2  6  4 10  4  8  5 14
  [49]  4  2 10 13  4  5  3 11  4  9 12  6 12  5 14  6  4  4 14  4  3 13 16  2
  [73]  2  6  2  6  6 16  2  5  4  8  3  6  8 11  1 10  1 10  1  1  1 10  9  5
  [97] 10 13  4 14  6 13 14  8 14  8  8  8  2  1  6  5  5 11  6  8 14 10  6  2
 [121]  2  6  4 14  5  2  4  4  4 13  1  2  2 16 16  8  6  6  5  5  8  6 12 13
 [145] 12  1  2  2 16  6  4  3  2  2  1  1  1  1 13  2 13 13 16  5  5  2  5  6
 [169]  6  8  4 13 13 11 14  6 14 14 13  6  6  5  6  8  8  2  8 10  1  1  5 11
 [193]  5 10 10  5  6 10  2 16 10  1  6 14 14 10 10  5  2 13 13  8  4  3 14  5
 [217]  6 14  6  1 12  8  4 10  6 12  3 10 12 14  5  6 12 14 14 14 14 14 14 14
 [241]  8 10  5 10 10 10  6  8 14 10 14 14 13  2 14  5  4  6  6 14  6  8 14 11
 [265] 10  4 12 14 10 10 12 10  8 14  2 12 10 10  4  6 13  4  6  6  3  3 11 12
 [289]  6  9  6 13  6 13  6 10  3 10 10 14 11 13 16 13  2 10  6  4  4 10 10  5
 [313]  2  1  3 12  9  3 12  3 12  2 13  3  6  6  4  4 13 13 14 14  5  6 14 13
 [337] 13 12  2 10 13 13  4  4 10 15 14  4  6 10 14 10 13  3  1 16 12 16 10 14
 [361]  2 12 14  4  6 13  6 10  8 13 15 10 11  8  6  4  6 13 10 12 10  6 10 10
 [385] 12 14 11  6 12  6  2  6 10  2 10 14  9  6  6  6  9 11  8 14 16 10 10 10
 [409] 13 11  2  3  8 13  5  1 13  1 13 15  3 11  8 10  8 11  6 10 10 14 10  8
 [433] 10 13 12 13 15 13 12  6 10 10  6 13 10 10  3 13 10 14 14 10 14 13  8 13
 [457] 13  3 13  6 16 13 10  1  4 10 12 13 13 15  6 12  3  4 10 10 13 13 10 10
 [481] 10 13 13 13 10 13 13  4  3 10 12 16 16  2  2 13 14  9 13  2 14  3  3 10
 [505] 13 10 13  4 12 11 11 12  6  4  4  1  4 13 14  9 14  6  1  1  5 12  9  3
 [529] 15 10 10  6  6 14 14 10 10  4 14 13 11 13 13  6  4  9 10 13  3 10 10  6
 [553]  6  9 10 10 13 10 13  6 13  5  9 12  6 13  4  4 13 11 14 11 10  6  3 11
 [577]  4  5  5 14  4  4  4 13  9 14  6  5  6  4  3  1  3  6 11  5 10 13 10 13
 [601] 10 14  4 14  8 10 13 12  8 14 12 13 16 10  5  3  3 16 13 13  5  5 10 11
 [625] 12 12  4  4 10  2 10 13 11  2  9 11  1  1 10 12 14  8 14  8 14  4 13  4
 [649] 10  1 10  1  3 10 10 12 10 11 13  4 13  6 10  4  6 11 13  4 16  4 11  4
 [673]  1  4 13 16 13 16  9  6 14 16 15  4  1  4 14 14  4 13  4  2  8  5  5  6
 [697] 10 10  8 13  2 10 10  2  4  6 13 14 14 14  2  5 14  6  3 14  6  6 13  6
 [721] 13  9  6  1  4  4  6  4  4 12 14  4 13  8 14 13 13 12  5 14 13  1 13  5
 [745]  5 16  8  8 16 16 14 14  3 14 14 11 14 10 10  2  5 14 13 14  6  6  8  2
 [769]  2 10  2  1  1  6  6 13  6 13 14  2  6 14  2 14  2  8  8 12 12  5  2  1
 [793]  2  4 10  8 12 11  4  4  5 13  2  6 13  4  4  4  4  4  4 10 11  4 11 11
 [817] 10 16 11  8 13 14 14 14 13 14  4 14 11 16  4 16 15 15 16 12  9  9 10 16
 [841] 14 16  3  2 11 16 16 14 16 14 13 13  5 15 15 13 15  6 16 16  2  2 10  2
 [865]  2  2 16 16 16 11 11 15 11  4  4 13  4 11  3  2 13 11 16  2  3 10 10 12
 [889]  3  2 12  2 13  2  2 11  6 11  6  4 14 14 14 13 13  5  8  4 15  4  4  4
 [913]  4  4  4  4  8 11  3 15 10  3 15 11 16  9 15  8 16 13 10 14  3 14 10  8
 [937]  8 10 11  4 16 13  6  6 10 13 10  4 13 13 13  4  4  4  4 10  4  6 11 14
 [961] 14 13 13 16 14 11  4  5 11 13  4  4  4  4  4  3  3  5 10  4 13 16 15 13
 [985]  4  4  4  3 16 13 16  3 11  3  2 11  4  4  4  4  4 11 16  4 11  4 16 16
[1009] 16 12  4 13 14 16  4 16 16  9  9 10  4  4  4  4 13  6 14 12 15 13  4 13
[1033]  4 16  6 13 11 12 11 11 16 16 11 14  6 11 11 12  4 13 12  6 16 13  8  8
[1057]  4  2 12  4  4 13  4 13  4 13 16  4  4 12 14  2  3 14  2 15  4  4  4  7
[1081]  4  7  3 15  3 15  4 16 11 11  3 13 13 10 13 13 13 13 13 13 11 16 16 16
[1105] 16  6 13 10  4  3  4 12 14  4  3 16 16 16 16  4 13 16 11 16  4 16  4 12
[1129]  2  3  4  1 14 13  4 12  4  4  2  2  3  3  4 16  3 12 13  4 13  4  4  8
[1153] 14 14 15 14  9  5 12 14 13 13 13 13 13 14  8 11  6  4  4 11 13  3  3 15
[1177] 11  4  2  6  6  4 15  8  5 14  4 14  5 13 13  4 14  4  8 12  2  4  3  2
[1201]  4  4  4  3 11 11 11 12 11 16 13 12 13  4  4 16  8  3 10 12  6  6  2 10
[1225] 13  8 11 13  2  8  8  9  8 14 13  5 13 13 16 13 15  3 14  2  1 14  6 14
[1249] 11 11 11 12  4  4 14 11 15  8 14 14 12 16  3 16 12 14 14 13 12  2 12 12
[1273] 11 11 14  2  4  4  2  4 12 12 13  8 14  6 16  4  5  5  4 12 16  4 12  9
[1297]  9 16 13  4 16 12  4  3  8  2  2 16  2 12  2 16 14  8  3  2  6 14  2  8
[1321]  2  6 13 12 14 14 14 14 14  2  2  3 10  6  4 11 16 16 16 16 16 16 16 16
[1345] 13 10  4  4  4 11  3  6  8  8 10 10 10  3  9 10 14  6 10  8 10  6  6  5
[1369]  8  4  8  4  8  9 16  2 10  3 10 14 14 10  5  5  2  3 10 10  6  9 14 10
[1393]  4 12  3  4  4  5 16 10  1  1 10  4  6 14 13 15 15 15 13 13 13  2  4 13
[1417]  4 11 13  1 13 12 15 16 10 10 12 10 12  3  6  8  4 10  9  9  2 14  4  2
[1441] 16  2 16 13  2  2 16 11 15 16 16 13 15  2 10 13  9  2 13  4 15  4 16 14
[1465] 15 15 12 16 12  6 10 13 11  6  9  2  9  2  4 13  4 13  4  4  4 10 10 13
[1489]  4  4 13  4 13  1 16 16  1 13  4 13 13  8  8  4  4  4  4  4 16 13 11 16
[1513] 13  8  8  8 12 11 13 16 11 10 12 12 11 14 14 16 12 15 13 16 16  3 16 14
[1537] 11 16 16 15 14  6 11 13 13 16 16 16  6 16 16 16 15 16 16 16 13 16  9  1
[1561]  1  1 13 13 13 11 12 13 11 14 14 16  9  6  2 13 16 16 13 16 10 16 16  9
[1585] 11 11 15 16  9  3 11 16 11 11 11 15 11 11 11

Within cluster sum of squares by cluster:
 [1]  9786.637  7176.591  4310.924  2846.134  6112.156  4711.592    60.500
 [8]  4023.966 10416.686  3194.102  3787.096  2782.649  3187.931  3698.391
[15]  2912.992  2380.075
 (between_SS / total_SS =  96.3 %)

Available components:

[1] "cluster"      "centers"      "totss"        "withinss"     "tot.withinss"
[6] "betweenss"    "size"         "iter"         "ifault"      

> 	whites.fit
K-means clustering with 18 clusters of sizes 172, 349, 360, 142, 352, 213, 419, 52, 315, 7, 154, 331, 324, 419, 229, 436, 329, 295

Cluster means:
   fixed.acidity volatile.acidity citric.acid residual.sugar  chlorides
1       6.736628        0.2586919   0.3854070       8.789826 0.05386047
2       6.669198        0.2415616   0.3317192       6.464756 0.04296275
3       6.985556        0.2740694   0.3455556       9.565694 0.04949167
4       6.898592        0.3028169   0.3626056      10.619366 0.05022535
5       7.050000        0.3005540   0.3503693       6.971023 0.04811932
6       7.109390        0.3308685   0.3365728       6.980282 0.05455399
7       6.730310        0.2468974   0.3420286       7.171002 0.04875179
8       7.084615        0.2908654   0.3080769       3.920192 0.03361538
9       6.694603        0.2789048   0.3079048       3.518571 0.03851429
10      7.357143        0.3650000   0.2814286       5.085714 0.05571429
11      7.132468        0.3104870   0.3608442      10.295130 0.05420130
12      6.729003        0.2508308   0.3250151       3.451208 0.03986707
13      6.944444        0.2831790   0.3504012       9.655864 0.04965123
14      6.840095        0.2874463   0.3196659       6.543914 0.04547494
15      6.876856        0.2801965   0.3220961       2.991485 0.04106987
16      6.687156        0.2731422   0.3182798       5.582110 0.04152064
17      6.861398        0.2742857   0.3206687       4.427964 0.04411854
18      6.983051        0.3070508   0.3286780       3.791864 0.04414915
   free.sulfur.dioxide total.sulfur.dioxide   density       pH sulphates
1            69.985465            174.23837 0.9955682 3.179302 0.5277326
2            43.398281            122.52006 0.9933781 3.178797 0.4813754
3            45.465278            170.55278 0.9961701 3.192306 0.4965000
4            68.665493            216.58451 0.9968170 3.152254 0.5074648
5            27.649148            156.29545 0.9948457 3.184915 0.4908239
6            27.253521            184.68075 0.9954800 3.198779 0.5234742
7            51.106205            148.25060 0.9944230 3.194511 0.4844869
8             7.923077             36.32692 0.9920287 3.137885 0.4207692
9            23.287302             84.73333 0.9916113 3.188476 0.4733651
10          123.857143            335.14286 0.9953729 3.275714 0.5757143
11           43.746753            230.73052 0.9971155 3.177013 0.5404545
12           35.341390            100.26586 0.9915151 3.195801 0.4860121
13           50.229938            194.96451 0.9964147 3.178519 0.4961728
14           31.811456            136.72076 0.9940323 3.209928 0.4791169
15           14.242358             68.66376 0.9918294 3.166332 0.4738428
16           27.768349            114.73165 0.9931103 3.205069 0.4790596
17           17.407295            100.68693 0.9929009 3.183070 0.4756535
18           16.738983            126.65763 0.9931482 3.186576 0.5014576
     alcohol  quality
1   9.886919 5.779070
2  10.791165 6.286533
3   9.820556 5.666667
4   9.449296 5.500000
5  10.243750 5.764205
6   9.968623 5.474178
7  10.311297 6.038186
8  11.090385 5.269231
9  11.407513 6.161905
10 10.214286 4.000000
11  9.577273 5.590909
12 11.500302 6.347432
13  9.613220 5.580247
14 10.597128 5.964200
15 11.170815 5.672489
16 10.917431 6.123853
17 10.816109 5.793313
18 10.681017 5.657627

Clustering vector:
   [1]  3 18 12 13 13 12 14  3 18 14 15 17 15  7  3 16 12  9  6 14  9 17  2  5
  [25] 18 11 14 14 18 16 14  8 12  2  6 18  5 14  7  7  7  7  5  5  5  3  4  4
  [49]  5  5  6  2  9 12 14  6 11  7  9  2 16  7  5  9 16 16 16  1 12 17 11 11
  [73]  6 15 12 17  9 15 17 17 16  3  3 13  7  7  7  4  7  7  7 11  7  7  7 11
  [97]  5  9 15  5 13  1  3  3 13 16  1  1  1  6  1 11 13  5  5 17 14  9 13 13
 [121]  9 14 14  5  5  7 14 13  3 13 15 13 11 13 13  3  2  7 12  9  9  7 12 17
 [145]  9 16  3 17  9 16  7  7 16 12 15 13 13  2  2  2  2  5  9 13  4  1 13 17
 [169]  5 17 14 17 17 14  3  7 15  3 17  3  3  1  3  4  4  4  3  2 16 13  4  3
 [193] 16  2  1  1  1  4 13  4 13 13 11 14 16  7  2 18 15  5 15 16  2 16 12  7
 [217]  3  7  1  3  3  3 12 14 14 14 13 11 13 14 14 13 13 13 13 13 13 11  2  5
 [241] 13  9 17  4 14 11 14 15 15 18 13 13 14 17  5  7 17 17 16 15 12  5 17  4
 [265]  5  5  6  5 14 14  6 14  7 16 11  3  3 15 15 17 16 16 13 13 13  3 13 13
 [289] 13 13 13  7 13  5  6  6  3  1  7 16  9 15  9  3  3  3  3  3 14  5 17  5
 [313]  5  3  3  2 14 14 18 15 15 14 14 14  6 10 11 14 13  9 12 14  9 14 15  9
 [337] 17  3 18  7  5 18 14  7  7 14 15  1  2  7  7 14 18 14 11 13 13  5  5  3
 [361]  3  9  2 13 17 16 14  7  6 15  7  6  6  5  9  9 18 17  5 18 17  3  5  5
 [385] 18  9 16  4 14  1  1 15 18 15  1  1 12 12  3  9 12  1 17 11  3  1 12 18
 [409] 16 12  7 14  9  9  7 14 12  4 12 14 14 11 11 11  3 11 11 13  9 13 13  9
 [433]  4  5 12 17 11 13  4 16 17 14  2 11 14 15  5 16 16 14  6 14  5 16 14 16
 [457]  9 16 11  4 16  3  3 15  1  2  7 15  1  1  5  6  9 14 12 11 12 16  5  1
 [481]  6 12 14  6  4 16  2  9  3  3 15 15  3  5 12  6  1  7  6  1 13  3  6  6
 [505]  7  7 18  3  7  3  7  5 14 15 16  5  7  7  9  8 18 18 17 17 15 14  8 16
 [529] 17 16 12  7  3  3  3  3  3  3 15 13  6  1  5  5  3  7  3  9 14  1  3 12
 [553] 16  3 16 12  5 18  3  7  5  2  6 18  3 12  8  7  7  3  1 16  3  7 14 13
 [577] 13  7 16 14  1 16  3  9 14  9  5 14  2 14  5  2  5 18 18 18  5 18 16 15
 [601]  5 12 18 18 14 14  5  5  3 17 16 17 14 14 14 14 17 13 13 14  4  3 14 15
 [625] 18  2  6 11 11 17 14 14 18 13  7 14 14  5 13 13 14  6  1  5  5  3  5  7
 [649]  6  6  6  6  6 14  7 16 12 18 13  4  9  2  6  9  3 18 13  3  3  4  6 17
 [673]  7 18 13 13 11 17 17 17  7  6  5  1 13 13 16  6  4  2 14 13  6  6 11 13
 [697] 17  4  4  4  6 18  9 16 16  8 11  3  2 17  3 14 14  4  6  7 11  5  7  2
 [721]  1  6 18  9 18 14  2 17  7  6 14  4  8  3  6 18  3  6 14 18  8 15 14  5
 [745]  5 16 11  3  3  3  3  1  1 11 18 12  3  1  7  7  3  3 11  2  3 14  4  8
 [769]  2  2 16  7  7  3 16 12 17 13  1  7 15 11  1  7 13 16 16 16 16 16 16  9
 [793] 14  9  3  5 11  7 16 15  3  4  4  3 16  3 13 13 11 13  4 18  5  3 11 18
 [817] 15 14 18 14  9 11 12 16 15  3  5 14  9  9 16  5 12  9 16 12  6  6  6 18
 [841] 18  3  3 12 16 16  7 15  3 12 12  3  2  7  2 16  3  1  7  1 12 13  5 16
 [865]  5 16  2  7  3 12  5  7 18  8 15 14  2 12 12 17 14 18 18 18 11 17  3 12
 [889]  3 12  3  2 16 14  2 15 11  9 15 11 14 16  4  4  7 17 15 16  5 11 14 14
 [913]  5  8  9  8 14 18 16 17  7  7  7  4  7 17  9  3  3  2  9  4  4 13  4  4
 [937] 15  2 11 13 13  4  9 14 18 12 13  5 15  9 18 14 17  2 14 18 18  9  9  3
 [961]  3 12  3 16  5 17 13  5  9 15 17 16  5  9 18 16  2 13  5 15 15  5 15  9
 [985]  7 16  3  3  7 18 14 15  4 15  6  5  8  5 13  3  9  4  4 18  7  9  7  9
[1009] 13 14 16  1 12  4  1 16 14 16  7 13  2  2 13  3  6  2  7 15  2 11  5 11
[1033] 11 11 11  7 15 15 12 17 18 15 17 11 17  9 17 15 15 16  5  2  9 18 15 16
[1057] 16  6 16  3 16 13 11 13  7 14  1  2  9 14  5 14 16  6  6 16  3  2 13 11
[1081] 16  7  7 13 14  7 18  2 13 18  4  6  5 14 13 17  7 14 16 18  7 12  7 18
[1105]  7  6 18  9 15  5  9 17  3 17  8 12 15 11 15 14 12 16 12 18 18  6  1 17
[1129] 17 16  5 18  5 16 18  5  1  1 14  9 15 14 14 14 14  4  5  6 16  4  4  4
[1153]  9 17  3  6 14 14  1 14  7 14  5  1 15 14  9 16 15  7 16 18 18 12 11  3
[1177]  6  6  3 16 18 18 12 14 14  4  6 12  7 15 18 14 16  2 11  7 14  2 16 17
[1201] 12  9  6 17 17  6  1  6  2 16 15  6  5 17 15  3 17 11 18 17 11  2 16  3
[1225] 12  9 12 16 16 17 11  2  9 14  7 13  9 16 14  5  3  6 14 14 18  4  3  9
[1249] 15 13  3  5  5  3  7 12  5  4  4 11 11  5  5  4 15  3 16  3  5 13  3 18
[1273]  5 18 13 18  3  5 18  5 14  5  7  7  5 14  7 16 16 15 17 13 15 17 17 13
[1297] 14 16  3  3  7  3 11  1  4 16 12 14 18 17 14 16  5  6  3  1 13  6 17 11
[1321] 18 16  5  3  6 16  5  3  9 17 16 16  4  1 16 13  5 11 11  2  2  5  2  3
[1345]  3 16  3  5  5 15 18  2 13 11  3 14 13  3 12 14  7 13  2 17 14 14 17 16
[1369] 13 13 16  3  6  6 16 14 18 18  2 18  5 17  9 17 18 14 18  9 18  1 16  9
[1393]  9 17 18 12 18 13 13  9 13  4 16 14 15 18 17 15 13 16 12  9  5 18  2 15
[1417] 18 10 18 12 14  9 17 11 18 18 14  5  9  9 18  9 17 12  5 17 11  9  4  4
[1441]  3 18 16  2  5 14 12  5  5  3  5 18  5  5 11  7 12 14  7 14 14  3  5 18
[1465]  7  5  3 12 15 18  5  5  8  2  9  5  6 17  5 18  5 18 13  9 18 18  8  3
[1489]  4 13 16 17 13  3 13 13 15  2  9  5 14  3 18 18 18  2 13  7  3 18 18 18
[1513] 14  3 14 14  7  3 17  3  3 18  5  6  3  7  5 13  5  3  7  6  4 12  3 18
[1537]  8  5 16 12  3  9 12 12  8  5  5  5 12 18  5  2  7  5  5  5  3  5 18 15
[1561]  5 17 18  5 17 16  5 17 13  5  5 13  3 16 16  1 15 18  3 13 18  9 12  3
[1585] 13  3 14 13  3 16  5  3 16 15 14 13  2 13 16 17 14 11  9 15 14 16 12  2
[1609] 11 13 12 17  9  2  2 14  4 18 11 14  9 18  5 16  2  5 13 18 17 17 18 17
[1633] 16 17 11 18  5  3 11 17  5  7  2  7  2  7  7 17 12  3 14 13 16  3  6 14
[1657] 17  5 11  4  4 13 16  3  6  2  9 14 15 18  5  9  3  5  1  4  9  7  3 18
[1681] 13 13 13 13 13 13  7 13  4 16  6 13 11 13  7 14 13  6 11  6 16 13 18  5
[1705]  5 14  5  3  5  3 15 16  6 14 16  7 16 14  6 15  6  6  5  7 16  7 12  4
[1729] 16  7 12 13  2  2 13  3 17 13 17 15  5  5  7  3  7 11  9  3 17  2  3  7
[1753] 13  7 12  7 13  4 15  4  1 16 17 16 13  4  4  3  7 12  6 14  6  6 12 14
[1777]  3 14  7  7  7  6  7 17  2  7 16  7  2  6  6 16  5 13 16  5 18  2  3  5
[1801] 13 15  3  5 13 16 18  1 16  1  6 18 15 17 12  5 14  2 12 14  5 16 12 11
[1825]  3  9  3 11 11  3  3  5  3  5  3 11 12 12 11 12  5 12  4 14 17  7  1  7
[1849] 11 13  3 17  2 17  3  4  6  6  6  4  7  1 17 13 16 14 13 14  7 14  5  3
[1873]  5  5  5  5  7  9 11 17 11 17 11 11  2 17 12  3 13 16 11 13 14 14  5  4
[1897]  3  3  9 12  3 18  6 17  4  3 18  7 17  2  3 15 16  5 14 17  3 15  3 13
[1921]  7  2 18 15 17 17 17  3 13  3 11 10 17  6  9  3 11  3  9 14 11 14 11 13
[1945] 13  5  7 13 14  5 11  6 14  3 11  1 15  9 11 17 17 18 17 11  3  3 18 13
[1969] 14  3 16  3 14 14 14  4 13 14 17 13  4  4  4  4  4  3  5  3 13 12 17  4
[1993] 17  6  3  3  3  3  3  6  7  7  7  6  1  3  3  9  5 12 17  5  5 14 15  9
[2017] 16 15 18 14  5  7 11  7  6  7 15  3  5 11  5  5 12 13 18 15  5  5 17 15
[2041]  4 17 17 16 16 15 18  5  5  3 18  7  7 17 17  5  7  5 11  5  4 17 14  2
[2065]  3 18 14  5 17 18  6 14  3 13  3  2 18 13 16 18 18 17 16 17  7  7 17  7
[2089] 14  7  3  3  9 14 14 14 18 14  1  7 14  9 11 14  7 18 11  7  1 13  7  7
[2113]  7 17 13  7 15 16 18 18  7 12  1  7 12  3  6 10 14 18 14  7  7  5  2 11
[2137] 14 11 17 17 16 16  1  9  7  3 17 14 17 12 12 16 15  9  6  6 15 12 17 15
[2161] 16  9 16 12  2  5  5 11 11 11 11 11 18  3 11 13 18 18  3 12 14 16 14 14
[2185] 16 17 15 18  9  2 16 14  5  2  9 18 15 17 13  4  5  5 13  5  6  6 18 14
[2209] 18 18  7 14 18 17 18  5 17 18  5 14  2  5  5  3  5  5  1  1  2  7  2  7
[2233]  9  5  9  5 13  3  7  5  3 13  3  3 11 14  3  7 17 13 11 12  3 13  3 14
[2257] 18 14 13 14 13 18 15  3  7  3  5  7  5  3 12  7 16 17 12  3 13  9 13  7
[2281]  9 15  4  4  4  4  7  7  4 17 17  5 13 17  2  7  3  4 16  2 16 18 13 18
[2305]  5 14 18  5 14 18  5  2 14  9  2  7 16  7  3  9  2  6 18  7 13 18 16 18
[2329] 16  6  6  5 13  2  4  2  4  1  3  9  5  3 12  7  9 13  1 17 18  6 13 13
[2353]  2 12 15 18 14 17  4 18 16 17 14  3 13 14 11 13  1 14 16 13  9 15 13  7
[2377] 13  9 11  6  6 14 17  9 17  7  6  6 17  9 14  5 14 14 11  6 11 17  9 15
[2401] 17 17  4 18 18 13 17 16 11 16 11 13 13 16  6 17 11 13 17  4 16 13  6 18
[2425]  6 18  6  4  6  4 13  3 13  4 11  5  6  5  6 14  7  5  6 11  6 13 13 18
[2449] 16  1  5  5 14 14 13 13  5  5 13  5  5 15 15  6  2  3  7 18  9 16  6  6
[2473] 17 14  9 16  7  9  4 14 16 11 13  4 13 13  2 16 16  3 17 13  3 14 14  7
[2497] 17 14 14  3 14 13 18 18  3 13  4 14  3 18 13  4 15 18  5  8  3  4  8  4
[2521]  6 14  5  3  6  5 14 16 16  5  3  6  6  7 17  5 17 14 14 16  6  5  5 17
[2545] 16  5  6 14  4 13 14  4 17  7  7  7  3  7  7 18 17 14 17 18  5 11  9 14
[2569]  4 14 14  9 15  6  7  1  4  4 12 12  3  6  6  6  6  6  6  9  6  5  2  5
[2593] 14  7 17  5  6  2  6 13  2  1  2 12 12  8  5 13 13  8  3  4 12 14  9  2
[2617]  2  2  2  5 14 14  2  2  9  1 14  2 11  4 16 12 13  3  6  9  3  6 12  9
[2641]  9  7 17  5  3 16 15  2 14  3  3  5  9  7 10  4 13  2  1  9  5  3  2  9
[2665] 12 18 14 18 18  3 14 14  2  8 16 16 12  5 14 16  2  7 18 14 14 12  2 13
[2689]  7 16 18 16  5 14 16 16  6 17  5 18 15  2  2  2  4 13  4  2 13  1  1  5
[2713]  3 13 13  3  1  7 15  7  9  6 12 14  7  7  9 16  4  9 13  6 18  9  7  4
[2737] 16 12 14 17  7 14  3  8  8 17  7  2  1  2  1 12 18 15  8 11 11 17 17 14
[2761]  5  7  5 18  7 18 12  7 18  5 11 14 14  9 14 14 14 16  9 12 18  5 11 11
[2785] 11  5 15  5  3  3 11 13 13 12  5  9 12  5 16  2 13 13 15 17  9  2  7  7
[2809]  1  5 17 18 16  5 15 15 18 15  7  2  2 11  5 15  3  3 13  7  7  3  7  6
[2833] 15 16  2  3 13  5  9 12  9 17  9  9 17  9  9 12  7  6  7  9  5 12 12  7
[2857] 14 12  7  2  7 12 17 15 12 16 14 18 18 16 18  9  1 12  2  9  7  1 14  9
[2881] 15 12  2  9 16  9 17  9  8 18  7  7  4  1 15  6 11  4  9  7 12 12  5  9
[2905]  2  5  1  9 15 15  3  5 12 13  9  9  2 16 15  2 17  6 14  2  2 13 15  7
[2929]  7  2  1 15  1  2 15 17 15 13 12 12  2 17  3 12  2  7 16 16 13 14 17 17
[2953] 17 17  9 16  9 12 17  9  2 16 17 16  2 16 16 16  7 15  7 17 14 16  2  1
[2977]  2  2  2  2 16 12 11  3  8 16 16 16 17  1  1  7 14 16 16  2 16  5 16 16
[3001] 16 14  7 17 16  5  1  1  3 11 11 12 12 12 15 17 12  7 16 17  8 17 14 15
[3025] 12  7 18  7 14 14 14  2 17 13  5  9  6  3 12 13  2  1  3  2  5 17 16  3
[3049] 14 13 10 13  1 17 15 16 15 16 13 15  1  1 16  1  1  2  1 14 16 15 16  9
[3073]  1  2 14  9 16 13 12 18 15  1 17 12  9  9 12 13 15  9  9  1  5  2  8  8
[3097] 17 14  2 16  2  9 16  2 18  5  5  5  5  6 16 12 18 18  2  2 12 12  7  8
[3121] 13 18 12  9 18  7  2 17 12  2  5 13  2  2  2 11 12 14 16 14 11  8 14 12
[3145] 14 14 14  7 14  7  9 14 11  9 12 14 16 14  2 14 15 16 14  2  6 16  2  2
[3169]  9 16  7  9 16  2  2  7  9  7 17 12  9 12 18  9 15  2 15  2  2  7 16  7
[3193] 12 18 17  2  2  2  2  2  7  2 12  2  6  5 17 18  3  7 16  7 18  1 15 15
[3217]  2 16 17 12 15 15  2  7  7  9  2 13 13  2  7 16 15 17 14  7  7  7 16 12
[3241] 16 16 12 12  9 16  2  7  7  7  2  1 12 12 13 13 13 13 13 13 13 17  6 12
[3265] 11  7 12  5 18 11 16  9 12  2  2 12  5 18 11 14 16 18  2  3 12  2  2  2
[3289]  3 13 15 15 13  9 16 13 13 13 12 12 15 15  9 12 14 12 14  4 18 12 14  7
[3313] 12 15 11 15 12 12 17  7 16  9 12 17 18  2  1 15 18 16  3  7  5  7  9 13
[3337] 13 13  8 17 18 17 12 13 13  1  1  7  8 17  2 12  9  9 14 16  7 17  9  9
[3361] 15 17  2 12  9  9 16 16  7 16 16 16  7  2  7 14  7 13  7  4 16  2 16  7
[3385]  3  2  7  4  9 15 16 16 12 16 13 13 14 13 13 17 14 16 14 12 17 18 17 13
[3409] 13 16  5  2  7  6  5  3 11 15 11  3 14  9 17  7 18  7  7  1 18  7  7  3
[3433]  2  9  9  9 17 16  4 16 12 16 17 12  4  2  6 12 14  2 12 12 18  9 12  9
[3457]  1  7 18  7 12  1 12 12  3 12 12  4  9  7  1 12 18 12  6  6  9  7  6 12
[3481] 12 14 17  9  9  2 17  6  9 15  7 16 14 14  2 12  7  3 18 16 14  2  6  9
[3505] 14 16  5 16  6  1  1  9 16 15 12  9  1 12 14  2  4  7  3  4 14 14 14  7
[3529]  8 14  3  3  9  7  3  3 12 12  2  9 12  2  7  7  7  4  7  4 14  7  2 16
[3553] 16 16 12 16 16 12 16  8  9  9  3  9  9  9 17  9 12  9  9  8 17  9 16 16
[3577]  5  2 18 15 14 18 15 17 15 12  7 16 16 16 12  6  7  7 12  2  2  7  1 11
[3601]  9 14 14  2 15  3  7  9  5  5  3  9 16  5  7 17  1 16  2 16  1  2 17 16
[3625] 17  1 16  1  1  1 18 18  2 18  7 12 15 18 12 12  2  7  7  2 14  7 15 12
[3649] 14  2 18 13 17 13 17 14  6  2  7 14  2  5 15  7  7 14  7  2 15 12  7 12
[3673]  9  9 16  3  9  5 16 17  1  2  2  1 16  1  6 12  6  2  5 16 17 16 16  7
[3697]  2  1 12  6 14 14  6  6  6  6  9 16  1  7  8  6  7 13 12  6  6 18 14 13
[3721]  7 14 14  7 16 18 16  7 15 18 13  3 18  2 16  9  9  2 18  5  5  5  5  5
[3745]  5  5  2 13  2 14  5 17  6  6 14  2 17  6  6  2 12 17  8  9 14 13 13 13
[3769]  7 13 18  2  7 12 11 12 14 12 12 12 11 16 17 13 14 17  1 13 13 13 13 13
[3793]  2  1 16 14 12 17 14  6  8 15 14 17  8 15 17 17 17 17  3  5 14  6  5 17
[3817] 14  2  2  2 14  7 13 13 12  9  2 17  2 17 16 14 14  2  7 16 12 12  7 16
[3841]  9 13 12 12  9  3 17  3  9  9 17 16 12 16 12  7 12 12  7 13 13  1  1  1
[3865] 17 12  2 13  1  1  7  1 13  1 13 12  7 17  3 15  2  2 14 14  2 15 14 15
[3889]  2  2 12 14  2 15 18 15  3  1  2  2 15  8 15 15 12  9  9  9  7  7  7  2
[3913]  9 17  7 12  7 13 16 16 18  3  9 17 17 12  9 17  6  6 17 12  2 15  9 13
[3937] 17  7 12  7  5 14 16 16  3  7 14 14 17  5 14  5 12  2  5 12  5  9 16 16
[3961]  7  3  2 18  1 17 16 13  6  2  7  2 17 13  6  7  2 16 13 13  7  1  7 12
[3985]  2 12 12  4  2 12  4 12  9 16 16 18 16 14 16 16 16 18 17  2 16  2  8 18
[4009] 17  7  2 14 16  3 13 17  7 16 13 17 17 12  7  7  7 12  7  6  9 14 12 18
[4033] 16 18 16  3  3  3 18 17 13  7 14 14 14 14  5  2  2 12 14 17  7 14  5 17
[4057] 14 12  2 12 15 15 16  2  9 16  7  5  7  2  3  9  1 17  9  2 14 17 16  9
[4081]  2  2 14  6 17 15 12 12  9  2  3  9 16 17 12 17 18  9 14 16 17  3  3  9
[4105]  9  2  7  7 12  7  6 15 12 12 12 12  5  5 14  5  2  7  3 15 15  7  7 11
[4129]  4 15 18 13 13 16  9 14 18 13 15  7  7  7 14  2  7  7  2  7 18  9  6  6
[4153] 18 13 13 13  1  3  3  3  3  3  3 18 18  9  5  2 12  2  3 12  5 12  1  5
[4177]  1 16  2  4 16 15  5  9  9  4 15 12 16 17 15 14 12 17 12  9 15  5  7 17
[4201] 12  9 16  6 14  9 14 12  9 17 14  6  5 15  4  4  4 16  6  4  9  2 16  8
[4225]  9  6  1 17  6 18 18  9 17 16 16 16 16  9 16 12  2  7  7 15  2  2 17 18
[4249] 16  5 12  9 12 15 16 18 18  2  2 16  7 18  5  5 12  7 18 16 14 13  1 13
[4273]  2  2  2  2 16  6  8  2  2 18 18  9  9  9  9 16  9 16 18  1 18  1 16  1
[4297] 18 12 17  7  7  5  6 16 16 16  2 16  9 18  7 12 16  9 16 16 17  7 16 16
[4321] 13  5  2 14 12  3  3  3 14  3  3  3  7  7  7  7  7  7  7 17  7 14 14 17
[4345] 12 17 12  7  7 13 15 14  5  5  3 14  6 13  3 13  5 12 16 14  2  7 18 14
[4369] 16  2 18 17 16 17  3  6 18  9 18 18 14  5 16  9  3  3  3 12 12 16  3  4
[4393]  3  7  7 14  3  3  3 14  3 14  3 13 13 13 14  9 13 14  6  9 16  9 16 14
[4417]  6 18  2  2  2  2 18 18  2 16 16  6  5  7  7 15 17 13  5  5 17  5  2 18
[4441]  5 16  5 18 16 16 16 17 16  7 14 13  3 17  5  3  3  3 18 16  5  5 16 16
[4465] 14 14  5  5 12 12 12  9  9 14  2 12 12  3  3 18  2  3  5 17 18 15 15  9
[4489] 16 16 16 17  8  5  9  1  9  7 17 17  3  3  5 12 14  3 12 15  7 17 14 16
[4513] 16 12 11  2 15  9  8  6 11 13  8  1  7  6 13  9 17  1  1  1  2  2 12  7
[4537]  7 17 14 15 12 16 15 15 12 12 12  8 13 15 17 16 17 12 16 17 14  4 18 16
[4561] 16 15 14 16 16  5  3  5 18 18  9 17 12 12 12 14 15 17 12  2  2 14 14  7
[4585] 17  5 14 16 14 14  3 11  5 16 18 16 16  9 16  9 16  2  7  2  7 12 17  6
[4609] 15  8 15  9  7  7  5  2 17 18  2  6  2 12 14 18 17  5 13 17 17 15  2 12
[4633] 13 13  7 16  3  2  3 13  2  2 17 13  2  7  9 12 11  9  9  2  4 15  7  7
[4657]  7  7  2  9 15  5  2 16 16  2 11 16 16 18  7  1  1 12  7  7  2 12  7  1
[4681] 14  8 15  2 13 16 14  5  5  5  5  3  6  5  3 16  9 16 16  1  1 14 14  9
[4705] 13 16 16 16 16  7 16 16 16 17 16  9 15  2 14  9 17 12 14  1 12 16 12 14
[4729]  2 15 17  7  7  2 15 15 15 14 16 15 13 14 14  7 17 10  7  9  6  6  7 13
[4753]  9 12 12  9 12 12 14  2  2  2  9  2 16 17 14  6  1  1  1  1 11 15 18  2
[4777]  2 12 16 12 14 14  2  2  3  9 14 16  3 16 14  2 18  7  3  7  7  9  2 16
[4801]  2  7 18  2 15 17 14 12 17  7  5 15  2  1 16 18  7  2  9 16  1 18  5 18
[4825]  7 14 14  9  7  9 18 14 18 12 12 12 17  4 16  8  2  1 12  3  6 17  7 12
[4849]  1  3  1  3 17  9  9  6  6 16  3 16 16 17 12 12  5 12 16 15  2 15 14 17
[4873]  3 16 18 17 16  9 15  1  1 16  7  7  1  1  2 15  2 16 17  2 16  9  3 16
[4897] 16 17

Within cluster sum of squares by cluster:
 [1] 45575.057 38953.810 40275.924 47164.371 48618.886 37740.231 55740.145
 [8]  8590.162 24775.816 62025.326 54168.032 24558.549 40442.860 37455.484
[15] 21892.959 30072.169 26197.913 27708.233
 (between_SS / total_SS =  93.5 %)

Available components:

[1] "cluster"      "centers"      "totss"        "withinss"     "tot.withinss"
[6] "betweenss"    "size"         "iter"         "ifault"      

>   reds.clust <- split(reds$quality,reds.fit$cluster)

> 	whites.clust <- split(whites$quality, whites.fit$cluster)

> 	reds.clust
$`1`
 [1] 5 5 6 5 5 6 5 5 5 5 5 5 5 5 5 5 5 5 5 6 5 5 5 5 5 5 6 5 5 6 5 5 5 5 5 5 5 5
[39] 5 6 5 5 5 5 5 5 5 5

$`2`
  [1] 5 5 5 5 5 5 5 5 6 6 5 5 5 5 5 5 5 5 6 5 5 7 5 5 5 5 6 5 6 5 8 5 6 6 6 6 5
 [38] 4 5 6 4 5 5 5 6 6 5 5 5 6 6 7 5 5 6 5 5 5 5 5 5 5 5 6 5 5 5 5 5 5 6 5 6 6
 [75] 6 7 5 8 6 6 5 5 5 5 6 6 5 6 6 5 5 5 5 6 6 6 6 5 5 7 7 6

$`3`
 [1] 5 5 6 5 5 4 5 6 5 5 5 5 6 6 6 5 5 7 5 5 6 7 7 7 6 6 6 5 5 5 5 5 5 5 6 6 6 6
[39] 6 6 6 5 5 5 5 5 6 6 6 8 6 6 6 6 6 5 6 6 6 5 6 5 5 5 6 5 5 6 6 5 5 5 5 5

$`4`
  [1] 5 6 6 5 5 6 5 5 5 5 5 5 5 5 5 7 6 4 6 5 5 7 8 7 6 6 7 5 6 6 6 5 7 6 5 6 6
 [38] 7 7 6 6 6 6 6 4 5 5 5 7 5 5 5 7 4 4 6 6 6 5 5 5 5 5 3 4 4 5 5 5 5 5 6 6 7
 [75] 7 7 5 6 5 4 7 4 7 7 4 3 6 6 6 6 6 7 6 6 5 7 7 7 7 6 6 7 6 6 7 5 7 5 5 6 7
[112] 7 7 6 6 7 7 7 7 6 6 6 5 6 7 5 6 7 7 6 6 6 7 7 6 5 5 6 7 5 6 6 5 4 6 6 7 6
[149] 6 6 7 6 7 6 6 7 5 5 5 5 6 6 7 8 6 6 5 5 4 6 7 5 5 4 3 6 5 5 5 5 4 6 5 6 5
[186] 8 5 5 6 5 7 4 3 4 4 5 4 5 6 5 6 6 6 3 6 6

$`5`
 [1] 5 5 5 5 5 5 4 6 5 5 5 5 5 5 5 5 5 5 5 5 5 5 7 6 5 6 6 5 5 5 5 5 5 5 6 5 5 5
[39] 5 5 5 5 5 5 5 5 5 5 5 5 7 5 5 4 5 5 6 5 5 5

$`6`
  [1] 5 5 4 6 5 4 5 5 5 6 5 5 6 6 5 5 5 6 4 6 5 5 5 5 5 5 5 5 4 6 5 5 5 5 7 5 7
 [38] 7 7 6 6 5 6 6 5 6 7 7 6 6 6 6 7 6 6 6 5 6 5 7 3 5 6 5 5 5 6 6 6 6 6 4 7 8
 [75] 5 5 5 5 6 5 5 5 5 5 5 6 6 6 6 6 6 6 6 7 7 7 7 7 6 6 6 6 5 5 6 6 6 6 6 5 5
[112] 6 6 5 6 5 5 5 5 6 5 3 5 7 5 6

$`7`
[1] 7 7

$`8`
 [1] 6 5 5 5 5 4 5 6 5 5 5 5 6 5 5 5 5 6 5 6 5 5 5 4 5 5 5 6 5 5 5 5 5 6 6 5 5 5
[39] 5 5 6 5 5 5 5 5 5 5 5 4 6 6 6 6 6 5 5 6 6 5 5 6 5 6 6 5 6 6 5 5 4 6 5 5 6 5
[77] 5 6 6 6

$`9`
 [1] 7 6 5 4 5 5 5 5 5 5 5 5 5 5 7 5 5 5 7 7 7 6 6 7 5 5 5 5 5 5 6 6 6 5 5 5 5 5
[39] 6

$`10`
  [1] 5 4 5 5 5 5 5 5 5 6 5 5 5 6 7 7 7 6 5 6 7 7 6 6 5 6 6 6 6 6 5 5 5 6 6 6 7
 [38] 6 6 6 7 5 6 6 6 6 6 5 5 6 6 7 7 6 5 7 6 8 6 7 6 6 6 5 5 6 5 5 6 5 6 6 7 7
 [75] 5 6 6 5 6 6 6 5 5 5 5 6 6 4 6 5 5 6 6 7 7 5 6 5 5 6 6 6 6 6 5 5 5 6 6 6 7
[112] 5 5 6 5 5 5 4 7 7 5 7 5 7 7 6 6 6 6 5 5 5 6 6 6 5 6 5 5 5 5 6 6 6 6 5 7 6
[149] 5 5 5 4 6

$`11`
  [1] 6 6 5 5 6 6 6 5 6 6 6 6 6 4 7 7 7 5 5 6 6 6 5 6 6 5 7 5 5 6 7 5 6 5 5 8 6
 [38] 6 6 4 6 6 6 6 6 6 7 7 6 6 6 6 7 5 7 7 6 6 6 6 7 7 6 6 7 6 4 7 7 7 7 5 6 6
 [75] 6 5 5 5 6 5 7 5 6 6 6 6 6 6 6 6 5 7 6 6 6 6 5 6 5 6

$`12`
 [1] 5 6 6 5 5 6 6 6 6 6 6 4 6 6 6 6 7 7 5 5 6 6 5 6 6 6 6 6 6 6 6 5 6 6 5 5 5 6
[39] 5 6 6 6 6 5 5 7 5 5 5 5 5 5 7 5 7 6 6 6 6 6 5 5 6 5 5 6 6 6 6 6 6 6 6 6 5 7
[77] 5 5 6 5 7 7 5 5 5 6 6

$`13`
  [1] 7 6 6 4 6 6 5 6 5 5 5 5 4 6 6 5 7 6 5 6 5 6 6 5 5 6 5 7 6 6 6 5 6 7 7 6 7
 [38] 6 6 5 5 6 7 5 7 8 5 7 5 6 6 5 6 8 5 5 5 5 8 8 7 7 3 5 6 5 6 6 6 5 5 6 7 6
 [75] 6 7 5 5 5 5 5 6 6 6 6 6 5 6 5 5 5 5 5 5 6 5 6 5 6 5 6 5 5 5 5 7 7 5 6 7 7
[112] 7 7 7 7 7 7 5 5 5 6 6 6 6 7 7 7 7 6 7 8 6 6 6 6 6 5 6 5 7 5 6 8 7 6 6 7 6
[149] 7 5 5 6 4 6 6 6 6 5 6 6 6 4 6 6 6 5 5 6 6 6 6 5 5 5 5 7 6 5 5 5 5 5 6 5 6
[186] 6 5 5 6 5 6 6 7 5 5 5 5 5 6 6

$`14`
  [1] 5 5 5 5 5 5 5 7 5 6 6 5 6 5 5 5 6 5 6 6 5 5 5 6 6 6 6 6 6 6 6 6 6 7 5 8 5
 [38] 5 6 6 7 7 6 6 5 6 7 6 6 6 6 6 6 6 6 6 6 6 7 6 6 6 6 6 6 5 5 5 5 5 5 5 6 6
 [75] 5 6 5 5 5 5 5 5 6 6 5 5 5 5 5 7 5 5 5 5 7 6 5 5 7 7 5 5 5 6 6 5 6 7 7 6 6
[112] 7 5 6 5 5 5 6 6 7 4 6 5 5 5 6 6 6 6 6 5 5 6 6 6 6 6 5 5 6 6 6 7 5 6 5 6 6
[149] 6 6 6

$`15`
 [1] 5 5 5 6 5 6 5 3 4 6 6 6 5 6 6 6 6 6 6 7 6 5 6 6 6 5 5 6 7 6 6 5 7 6 5 5 6 5
[39] 6 6 6

$`16`
  [1] 7 7 6 6 6 6 6 6 4 5 6 7 5 6 7 7 6 6 5 5 5 6 6 6 6 6 6 6 5 5 5 5 5 5 7 6 6
 [38] 6 6 6 5 5 7 6 5 5 5 7 7 7 7 6 6 7 6 5 6 5 7 6 6 6 6 6 6 6 6 6 6 6 7 6 7 6
 [75] 4 4 4 6 6 6 6 4 6 5 5 5 6 6 6 6 6 3 7 4 7 5 5 8 7 6 4 7 6 6 5 5 6 5 6 7 6
[112] 5 6 5 5 8 5 5 5 6 7 6 6 6 6 5 5 5 6 6


> 	whites.clust
$`1`
  [1] 5 5 5 6 6 6 5 5 5 6 5 5 7 6 7 7 5 5 5 5 5 5 5 6 4 4 5 5 5 5 6 5 5 6 6 6 7
 [38] 7 5 5 7 5 6 7 8 8 6 6 6 6 6 8 6 6 6 6 6 6 5 6 5 6 6 6 5 5 5 5 4 4 6 6 6 5
 [75] 5 7 5 5 5 8 8 6 7 5 7 5 8 6 6 6 7 6 7 6 7 5 5 5 5 5 6 5 6 6 6 5 6 6 6 5 8
[112] 8 6 6 7 7 5 7 5 5 6 6 6 6 6 6 5 5 6 6 6 6 6 6 6 5 6 5 7 7 5 6 6 7 6 5 5 5
[149] 6 5 6 6 6 5 5 5 5 5 6 6 6 6 6 5 5 6 6 6 6 6 5 6

$`2`
  [1] 8 6 7 6 6 7 8 8 7 5 5 5 5 7 6 6 6 8 5 6 5 7 6 8 7 7 6 7 7 6 7 7 7 7 7 9 7
 [38] 7 5 5 5 6 7 7 6 7 6 7 5 8 7 7 6 7 7 6 6 6 7 7 7 6 6 6 7 7 6 5 7 7 5 7 7 7
 [75] 8 5 6 6 7 5 8 4 7 5 5 5 5 5 6 5 6 6 6 7 7 7 7 7 6 6 8 5 6 5 5 6 6 7 6 7 7
[112] 7 7 7 7 7 5 7 6 7 6 6 5 5 5 5 6 6 7 6 6 5 6 6 7 5 7 6 5 6 6 6 6 6 6 7 5 6
[149] 6 6 6 7 6 6 5 6 6 5 7 7 7 7 6 6 7 6 6 6 6 7 7 6 7 8 8 6 7 8 6 7 6 7 7 6 7
[186] 5 6 6 7 6 6 7 5 7 7 7 7 7 6 6 7 7 6 6 5 8 8 7 6 6 7 7 6 6 7 7 7 7 7 7 6 6
[223] 6 6 8 8 8 8 7 8 7 6 5 5 5 6 6 6 6 6 6 6 6 6 6 6 6 6 6 6 6 5 7 5 6 8 7 7 6
[260] 6 7 7 6 6 6 6 6 6 6 5 6 6 6 6 6 7 5 6 7 8 7 7 6 6 5 5 5 6 6 6 6 6 6 6 6 7
[297] 6 6 6 6 6 6 6 5 6 5 6 6 5 6 6 6 6 7 7 6 7 6 6 6 6 7 6 6 6 6 6 6 6 6 6 6 6
[334] 7 6 6 6 6 6 5 7 7 7 6 7 6 7 5 6

$`3`
  [1] 6 6 5 7 6 5 5 5 7 5 6 5 5 6 6 5 6 5 5 5 5 6 6 6 5 5 6 6 6 5 6 6 5 6 6 6 6
 [38] 5 6 7 5 5 6 6 6 6 7 7 6 6 6 5 5 6 6 6 7 7 5 5 6 5 6 5 5 5 6 6 6 6 5 6 6 6
 [75] 6 6 6 5 6 6 6 5 5 6 7 6 6 6 7 7 7 5 5 7 6 6 6 7 5 6 6 6 6 6 7 6 4 6 6 4 5
[112] 5 5 5 6 7 7 7 7 7 7 7 6 5 5 6 5 6 6 8 7 5 6 7 5 6 6 6 6 8 5 6 6 6 5 6 6 6
[149] 6 6 6 6 5 5 5 5 6 6 4 6 6 5 6 5 5 6 6 6 6 5 5 6 6 5 5 7 7 7 6 7 7 6 5 6 6
[186] 6 6 5 5 6 5 5 5 7 6 5 6 7 7 6 5 6 6 6 6 6 6 6 5 7 6 5 6 5 5 5 6 5 5 6 4 5
[223] 5 5 4 5 6 5 5 6 4 7 4 5 5 5 5 5 6 6 6 6 6 6 5 6 5 5 5 5 5 6 6 5 6 5 5 6 6
[260] 5 5 6 6 5 6 5 5 6 7 6 6 5 5 6 6 6 6 7 7 6 5 6 5 5 5 5 5 6 5 5 6 6 3 5 5 5
[297] 6 5 6 5 6 6 5 5 5 6 5 5 6 7 7 7 7 7 7 7 5 5 5 5 5 5 6 5 5 5 5 6 5 5 5 5 5
[334] 5 6 5 5 5 5 5 5 5 6 6 5 5 6 5 5 7 7 5 5 5 5 5 5 5 5 5

$`4`
  [1] 4 5 6 5 6 5 5 6 5 5 6 6 5 5 7 7 5 5 5 4 5 6 5 5 5 5 6 5 5 5 5 5 6 6 5 6 5
 [38] 5 6 5 5 6 5 6 5 5 5 5 5 4 6 6 6 5 7 6 5 5 6 7 6 5 6 5 3 6 5 5 5 5 6 6 6 6
 [75] 6 6 8 8 8 8 8 8 6 5 6 5 5 5 5 5 6 5 5 5 6 5 6 6 6 6 6 6 6 6 5 6 6 6 5 5 5
[112] 5 5 6 6 6 6 5 5 3 5 5 5 5 5 5 5 6 6 6 6 5 5 5 5 5 5 5 5 6 5 6

$`5`
  [1] 5 5 6 6 6 6 5 5 6 6 5 5 6 6 5 5 6 6 6 5 6 5 5 7 6 8 6 7 6 6 6 6 6 6 4 5 7
 [38] 6 6 6 6 6 6 6 5 7 6 5 5 5 6 5 5 5 5 5 4 6 5 5 5 5 7 6 4 6 5 5 4 5 5 6 6 6
 [75] 7 7 6 6 6 5 7 6 4 6 5 6 5 7 6 5 5 6 6 6 6 5 5 5 6 7 7 5 6 6 8 5 7 8 7 8 5
[112] 5 6 6 6 6 6 7 6 5 7 6 6 6 6 6 5 6 6 6 6 6 6 6 7 7 7 6 6 6 5 5 5 6 6 6 5 5
[149] 6 6 5 5 5 6 4 6 6 6 6 6 6 6 6 6 7 7 5 6 5 5 5 5 5 6 6 5 6 5 5 5 6 6 6 5 6
[186] 5 5 5 6 7 5 5 6 5 5 6 5 6 5 6 6 6 7 7 4 5 6 6 5 6 6 6 5 5 5 6 6 4 6 6 5 5
[223] 6 6 5 5 7 8 8 5 6 6 5 6 6 4 7 5 6 6 5 5 6 6 6 6 5 6 5 5 6 5 5 5 5 7 7 5 6
[260] 5 5 5 5 6 6 6 6 6 6 6 6 5 6 7 6 8 7 7 7 6 5 6 6 6 6 6 7 7 7 7 7 7 7 7 7 5
[297] 5 5 5 5 5 5 7 7 5 6 6 7 7 6 7 6 5 4 6 6 6 5 6 5 6 5 6 6 6 6 6 5 5 6 6 6 5
[334] 5 6 6 6 5 5 6 6 5 5 5 6 6 6 6 6 5 6 5

$`6`
  [1] 6 5 6 6 5 5 6 6 3 6 5 6 6 5 5 5 5 5 6 5 6 5 4 6 4 4 5 7 7 7 7 4 6 5 4 5 5
 [38] 5 6 5 5 5 5 8 8 8 6 6 5 5 6 6 7 6 5 4 7 6 5 5 5 5 5 7 5 5 6 6 6 5 6 7 5 4
 [75] 4 6 6 6 4 7 7 6 6 6 4 7 5 6 4 5 5 6 5 4 6 6 6 5 6 5 4 5 5 5 5 5 6 5 4 4 4
[112] 4 5 4 5 5 6 6 5 5 5 5 7 5 7 5 5 4 4 5 5 5 7 7 7 7 7 7 7 5 5 5 5 6 5 5 5 5
[149] 5 6 5 4 6 5 7 6 6 6 6 6 6 5 5 5 7 5 6 5 6 6 6 6 6 6 5 5 5 5 5 5 5 5 5 6 6
[186] 5 5 5 5 6 5 6 6 5 6 5 6 5 6 5 5 5 6 6 6 5 5 5 6 7 6 6 6

$`7`
  [1] 7 5 5 6 6 6 6 5 6 6 5 6 6 7 7 7 6 5 5 7 6 6 5 5 5 8 5 6 6 7 5 6 5 7 6 6 6
 [38] 6 6 6 6 6 6 6 5 6 5 6 6 5 6 7 7 6 6 7 8 5 7 7 5 7 7 7 7 8 8 6 5 5 7 8 5 8
 [75] 7 6 6 8 5 5 6 6 6 6 6 6 6 6 5 6 6 5 5 6 6 6 6 6 5 5 8 7 6 6 5 6 8 6 6 5 5
[112] 7 6 7 7 6 6 5 6 8 8 6 6 6 5 7 7 6 5 8 8 5 6 6 7 5 5 6 7 6 7 7 6 5 5 6 6 6
[149] 5 5 5 5 6 6 6 6 5 5 6 5 5 5 5 5 5 6 6 6 7 6 6 6 6 6 6 6 5 5 5 6 6 5 6 5 6
[186] 5 5 5 6 5 5 7 7 7 7 7 5 5 5 5 6 6 6 6 6 5 6 6 6 5 6 6 5 5 4 7 7 5 5 5 7 7
[223] 6 5 8 6 5 7 7 8 5 5 7 7 6 7 5 7 5 6 6 6 6 5 5 6 7 5 6 6 6 6 6 6 7 6 7 7 3
[260] 7 5 6 6 6 6 6 6 5 6 8 6 8 6 5 6 6 5 6 7 6 6 7 7 7 7 6 6 6 6 6 6 6 7 7 7 6
[297] 5 5 7 6 6 6 7 6 8 7 6 6 5 5 7 7 7 6 6 6 5 5 6 6 6 5 7 7 6 7 6 5 6 6 6 7 7
[334] 5 7 6 5 5 6 6 6 5 5 6 6 5 6 6 6 5 5 7 6 6 6 6 7 5 6 7 6 6 6 5 6 7 8 8 8 8
[371] 8 8 8 8 7 6 5 6 6 6 5 6 5 4 6 6 6 6 6 6 5 5 6 7 7 7 7 7 6 7 6 6 6 6 6 5 6
[408] 5 6 7 7 7 6 6 5 5 6 5 6

$`8`
 [1] 6 5 4 6 5 7 3 6 3 5 5 5 4 5 6 5 5 7 7 6 6 6 6 6 5 4 6 6 6 6 5 7 6 6 4 4 4 5
[39] 5 5 5 4 6 4 4 6 6 6 6 4 6 4

$`9`
  [1] 8 8 7 6 6 7 7 6 5 6 5 6 7 5 5 6 6 5 6 6 5 7 7 7 6 5 5 5 5 7 6 6 6 6 6 6 5
 [38] 5 4 8 7 7 9 7 7 6 6 4 5 7 7 5 7 7 7 7 6 7 6 5 5 5 7 7 7 5 4 5 7 6 7 6 6 6
 [75] 6 6 6 6 6 6 6 7 5 5 7 4 4 6 4 6 5 7 7 5 7 7 5 5 6 6 6 5 6 6 6 5 6 7 6 7 6
[112] 6 6 5 6 6 7 7 6 6 4 6 6 8 6 6 7 7 7 6 6 5 5 6 6 6 7 6 8 7 6 7 7 7 7 8 8 7
[149] 6 6 6 7 7 5 6 6 6 7 6 5 5 6 6 6 6 7 6 7 7 7 7 6 6 7 6 6 5 6 6 6 6 6 6 6 7
[186] 7 7 7 6 6 6 6 6 6 6 6 7 6 8 7 6 6 6 6 8 8 7 8 6 7 7 7 6 6 6 5 5 6 6 6 6 6
[223] 6 6 6 6 8 7 7 6 6 4 5 6 6 6 6 5 7 7 7 7 7 6 6 5 7 6 5 6 4 6 6 6 6 7 7 6 7
[260] 7 7 7 8 6 6 6 6 7 6 5 6 6 6 6 6 6 6 6 6 6 6 7 7 6 5 6 6 6 6 6 6 6 7 5 7 5
[297] 5 6 6 7 6 6 6 7 6 7 7 6 6 6 7 5 6 5 6

$`10`
[1] 5 3 3 5 5 4 3

$`11`
  [1] 6 6 6 5 5 6 5 5 5 6 6 6 5 6 6 5 6 6 6 6 6 5 6 6 5 6 6 6 6 5 6 6 6 5 6 6 6
 [38] 6 6 6 6 6 5 6 4 6 6 6 3 5 5 6 5 6 6 5 6 6 6 6 6 5 5 5 5 4 5 5 6 5 6 6 5 5
 [75] 6 6 5 6 6 6 5 6 5 6 5 5 5 5 6 6 5 5 5 5 6 6 6 6 5 5 5 5 5 7 7 7 7 7 7 5 6
[112] 5 5 5 5 5 6 6 6 5 6 5 6 5 6 7 6 6 6 6 5 5 6 6 5 6 6 6 6 5 5 6 6 6 6 5 5 5
[149] 5 5 6 5 5 5

$`12`
  [1] 6 6 6 6 6 8 8 7 6 5 7 7 6 8 5 6 6 7 5 6 6 8 6 7 6 6 6 7 7 6 6 6 7 6 5 8 8
 [38] 7 6 7 8 6 6 6 7 7 7 7 6 7 6 8 6 7 5 5 8 6 7 7 6 8 8 7 6 7 6 6 6 7 6 6 6 6
 [75] 6 7 6 6 5 6 6 6 7 6 7 6 7 6 7 6 7 5 7 7 7 6 7 7 6 6 6 6 6 7 7 7 8 7 7 6 7
[112] 7 7 7 6 7 6 7 7 7 6 6 5 7 7 7 5 6 6 8 6 6 8 7 6 7 7 8 8 8 6 7 6 6 6 6 6 6
[149] 5 7 7 7 7 7 6 6 5 5 6 4 6 6 7 7 7 6 7 8 8 8 6 7 4 6 6 7 7 7 7 7 6 6 7 5 6
[186] 6 6 5 5 6 6 7 7 5 6 6 7 6 6 6 8 7 8 7 6 7 6 5 6 6 6 7 7 7 7 6 7 6 7 7 7 5
[223] 6 4 6 5 6 6 7 7 6 7 6 6 6 7 6 6 6 6 6 7 6 7 7 5 6 6 6 6 6 6 6 6 5 5 6 5 6
[260] 6 6 6 6 7 6 6 6 6 6 6 5 5 6 6 6 6 7 7 6 6 6 6 5 6 6 6 6 6 6 6 6 6 6 6 7 6
[297] 6 6 6 6 6 6 6 7 6 7 7 6 7 7 7 7 7 6 6 6 6 6 7 7 6 4 6 6 7 6 6 7 6 7 6

$`13`
  [1] 6 6 6 5 5 5 5 5 7 6 7 5 5 6 6 6 6 4 5 5 5 6 6 6 6 6 6 6 6 5 4 3 4 5 5 6 7
 [38] 7 7 7 5 6 6 6 6 5 5 5 8 6 6 6 6 6 6 5 5 5 5 6 5 6 5 5 6 5 5 5 5 6 6 7 5 7
 [75] 5 5 6 5 6 7 6 8 5 5 5 6 6 5 5 5 6 6 6 6 6 6 6 6 7 6 5 7 7 7 7 6 5 5 8 7 6
[112] 6 6 6 4 6 6 6 6 7 6 6 6 5 6 7 7 7 7 7 7 5 6 5 6 6 6 6 5 5 5 6 6 6 5 6 5 5
[149] 6 6 5 5 5 7 5 6 6 5 5 6 6 6 7 5 5 5 5 5 5 5 5 6 6 6 5 5 6 6 5 6 5 6 5 6 6
[186] 5 6 4 5 5 5 5 5 5 5 6 6 6 5 6 5 5 6 6 5 6 6 6 5 4 5 6 6 6 6 5 5 5 5 5 6 6
[223] 5 5 5 6 6 6 5 5 5 5 3 6 5 6 6 5 6 6 6 6 6 6 5 5 5 5 5 6 6 6 7 6 6 5 5 6 5
[260] 5 6 6 6 5 5 6 6 5 5 5 5 5 5 5 6 5 5 6 5 6 5 5 5 4 5 5 5 4 4 7 6 6 6 5 5 5
[297] 5 5 5 5 5 5 5 5 6 6 5 5 5 5 5 5 5 6 5 6 6 6 6 6 6 6 5 6

$`14`
  [1] 6 6 5 6 6 6 6 6 6 5 5 5 6 7 6 6 6 5 5 4 5 7 5 6 6 5 7 6 5 5 6 6 6 5 5 6 6
 [38] 7 7 6 6 6 6 6 7 6 6 7 5 7 7 5 6 6 7 7 7 7 7 6 6 6 5 5 5 5 6 6 5 5 6 7 7 6
 [75] 4 6 6 5 6 7 6 6 5 5 5 9 7 7 7 7 5 5 7 7 6 6 6 6 5 5 6 5 7 7 7 5 5 5 5 5 5
[112] 6 6 6 6 5 6 7 7 7 6 7 7 7 6 6 6 5 6 5 7 5 7 7 5 8 4 6 6 6 6 6 7 7 7 6 5 6
[149] 6 5 6 8 7 5 6 6 6 6 6 6 6 6 7 6 6 6 6 7 5 5 6 5 5 7 7 6 5 5 5 6 6 6 5 5 6
[186] 6 5 5 5 5 5 5 6 5 6 5 6 5 5 5 7 6 7 7 6 6 6 7 5 5 6 6 5 6 6 8 7 6 6 7 6 6
[223] 6 4 4 5 5 5 7 7 7 6 6 5 5 5 5 6 5 5 5 5 5 7 6 7 7 7 5 5 6 6 6 5 5 6 6 7 8
[260] 8 8 7 7 6 8 6 6 7 7 5 6 8 8 6 4 5 5 6 6 6 6 6 6 6 6 7 7 6 7 6 6 7 7 7 7 6
[297] 6 6 6 5 7 5 7 7 7 7 5 6 6 6 7 6 5 7 6 7 5 7 8 8 5 5 5 5 5 6 8 8 5 6 6 5 5
[334] 5 5 5 5 5 5 6 6 5 5 6 7 5 7 7 6 7 7 7 7 7 7 5 5 6 5 8 5 6 5 6 6 6 6 6 5 6
[371] 6 6 6 5 5 6 5 5 6 7 7 5 6 5 5 5 5 6 6 5 7 7 6 6 6 5 6 7 4 4 6 6 6 6 6 7 6
[408] 6 6 8 5 5 8 6 6 6 6 6 7

$`15`
  [1] 5 5 6 7 4 5 6 4 5 5 7 7 4 5 4 6 6 7 5 7 5 5 6 3 6 6 6 7 6 5 5 7 5 6 4 8 5
 [38] 5 5 5 6 6 4 5 4 7 5 6 6 4 4 4 5 5 5 5 5 5 7 5 5 6 6 5 5 6 6 7 5 6 6 4 5 6
 [75] 5 5 5 4 6 6 7 7 5 6 4 5 5 6 6 6 5 5 5 5 5 5 5 5 4 6 4 4 5 6 6 6 6 3 6 5 5
[112] 6 5 7 7 6 8 6 6 7 5 7 6 6 6 5 7 6 6 6 8 8 5 5 6 6 6 6 5 6 8 6 6 6 7 4 6 6
[149] 5 6 5 5 8 5 8 7 7 7 7 7 4 8 6 7 6 7 6 7 7 4 5 7 6 6 4 6 6 5 6 5 6 6 4 5 5
[186] 6 6 6 7 7 6 6 5 6 6 4 6 4 6 6 6 6 5 6 5 5 5 5 6 5 7 6 7 7 6 6 6 5 6 6 6 6
[223] 7 4 6 6 6 4 7

$`16`
  [1] 7 7 6 6 5 7 6 6 6 6 6 8 6 4 7 6 6 5 8 8 6 7 7 6 5 6 6 7 6 5 5 6 6 7 6 6 7
 [38] 7 7 7 5 8 8 6 7 6 6 6 7 9 6 6 6 7 6 6 6 6 6 6 6 8 8 7 6 6 5 6 8 6 6 7 5 6
 [75] 6 5 6 6 5 6 6 7 7 7 7 6 6 7 5 6 6 6 5 6 6 6 6 5 6 5 8 7 7 7 7 6 6 7 5 6 6
[112] 8 5 6 7 6 8 6 5 6 6 6 5 4 6 6 6 9 6 8 4 7 6 6 5 5 6 6 5 6 6 7 5 5 5 5 5 6
[149] 5 6 6 7 6 6 6 6 5 5 5 5 6 6 6 6 6 6 8 7 7 5 5 6 7 6 4 4 7 6 5 5 5 6 6 6 6
[186] 5 6 6 7 7 7 6 6 6 6 6 6 6 6 7 6 7 6 6 7 7 6 6 5 6 7 8 6 6 6 7 7 7 7 7 7 8
[223] 7 7 7 6 8 6 6 5 8 6 8 5 7 6 6 6 5 5 6 6 8 7 5 5 6 5 6 7 5 5 5 6 5 6 6 6 6
[260] 7 6 6 7 7 6 8 6 5 3 5 5 5 6 7 7 7 6 6 6 6 6 7 6 6 7 6 6 6 6 5 6 6 5 5 5 7
[297] 6 7 5 6 6 7 5 6 5 7 5 5 7 7 7 6 6 6 6 6 6 6 7 7 7 6 6 6 7 6 6 5 5 6 8 6 6
[334] 6 6 6 6 6 6 4 4 6 6 5 5 5 6 5 6 7 7 5 6 5 6 6 6 7 6 7 7 7 7 6 6 6 6 4 7 7
[371] 6 6 6 6 6 6 5 5 6 6 6 6 6 6 6 6 6 6 7 6 7 7 6 6 6 6 6 6 6 7 7 7 7 5 7 7 6
[408] 6 7 6 6 7 6 6 7 6 6 6 6 8 6 6 6 6 6 6 6 6 6 6 7 6 6 5 6 7

$`17`
  [1] 5 7 5 5 5 5 4 6 4 7 5 6 4 4 7 3 7 7 5 7 7 6 7 7 7 5 7 7 6 6 6 6 6 7 6 6 7
 [38] 7 7 6 5 5 6 8 7 4 7 5 6 5 7 5 4 7 5 8 6 5 7 5 6 7 6 6 6 8 8 3 6 4 4 6 6 5
 [75] 4 6 7 6 6 8 5 7 5 6 5 6 5 5 5 6 6 6 6 6 7 5 7 5 5 5 5 7 6 6 6 6 5 7 6 6 6
[112] 5 7 7 4 6 6 6 5 5 5 6 4 5 6 5 5 6 5 5 6 6 5 5 5 5 5 5 6 5 6 7 6 6 5 6 5 7
[149] 7 7 6 5 5 8 8 4 6 4 4 6 5 5 6 6 5 7 6 6 5 6 6 7 5 5 7 7 5 6 8 7 6 5 6 5 4
[186] 4 5 5 5 5 5 5 5 5 7 7 6 6 4 5 6 5 6 7 5 6 5 7 4 6 5 7 6 6 6 6 7 6 6 6 6 8
[223] 6 7 8 6 6 6 6 6 6 7 6 6 7 7 5 5 7 6 7 5 6 5 5 6 6 7 5 7 6 6 7 5 6 5 5 5 6
[260] 6 5 4 6 6 6 5 5 4 4 6 6 5 6 8 6 6 6 5 6 6 6 7 6 6 6 5 8 6 6 5 6 6 6 6 6 4
[297] 6 5 6 5 6 5 6 6 5 7 6 6 5 5 6 6 6 7 6 5 5 5 8 6 5 5 5 5 6 6 6 6 6

$`18`
  [1] 6 6 6 6 5 4 5 7 5 6 6 7 7 7 6 5 5 5 5 6 7 5 5 7 6 5 5 5 6 5 5 6 7 6 7 6 6
 [38] 5 6 5 5 7 7 6 6 6 6 6 7 5 5 5 6 7 7 4 4 8 7 7 5 8 5 5 6 5 5 6 5 6 6 8 5 5
 [75] 5 6 6 6 6 7 6 6 6 6 7 7 7 7 4 6 6 5 6 6 4 5 5 6 5 6 6 3 6 5 7 8 5 5 6 5 6
[112] 6 4 7 4 5 6 5 5 5 6 6 5 4 5 5 5 5 5 5 5 6 7 5 5 3 5 7 5 4 5 5 5 6 4 5 5 5
[149] 7 5 5 6 5 6 6 5 6 5 6 5 5 5 6 6 6 6 6 7 5 6 5 6 6 6 6 4 4 5 5 5 5 5 7 6 6
[186] 6 6 5 6 6 6 6 5 5 5 7 5 7 6 6 5 5 5 6 5 6 5 5 6 5 6 7 6 6 6 5 6 6 6 6 5 7
[223] 6 6 4 7 6 6 6 7 4 6 6 5 5 6 4 6 6 7 5 5 5 5 6 5 5 6 6 6 6 5 5 6 6 6 5 5 7
[260] 7 5 5 5 6 6 6 6 5 5 5 5 6 6 6 5 5 7 5 5 6 6 6 6 7 6 5 4 6 8 7 6 7 6 5 6


>   # aggregate(wine, by=list(fit$cluster), FUN = mean)
> 

> reds=read.csv("winequality-red.csv")

> whites=read.csv("winequality-white.csv")

> reds.fit = lm(quality~., data=reds)

> whites.fit = lm(quality~., data=whites)

> summary(reds.fit)

Call:
lm(formula = quality ~ ., data = reds)

Residuals:
     Min       1Q   Median       3Q      Max 
-2.68911 -0.36652 -0.04699  0.45202  2.02498 

Coefficients:
                       Estimate Std. Error t value Pr(>|t|)    
(Intercept)           2.197e+01  2.119e+01   1.036   0.3002    
fixed.acidity         2.499e-02  2.595e-02   0.963   0.3357    
volatile.acidity     -1.084e+00  1.211e-01  -8.948  < 2e-16 ***
citric.acid          -1.826e-01  1.472e-01  -1.240   0.2150    
residual.sugar        1.633e-02  1.500e-02   1.089   0.2765    
chlorides            -1.874e+00  4.193e-01  -4.470 8.37e-06 ***
free.sulfur.dioxide   4.361e-03  2.171e-03   2.009   0.0447 *  
total.sulfur.dioxide -3.265e-03  7.287e-04  -4.480 8.00e-06 ***
density              -1.788e+01  2.163e+01  -0.827   0.4086    
pH                   -4.137e-01  1.916e-01  -2.159   0.0310 *  
sulphates             9.163e-01  1.143e-01   8.014 2.13e-15 ***
alcohol               2.762e-01  2.648e-02  10.429  < 2e-16 ***
---
Signif. codes:  0 ‘***’ 0.001 ‘**’ 0.01 ‘*’ 0.05 ‘.’ 0.1 ‘ ’ 1

Residual standard error: 0.648 on 1587 degrees of freedom
Multiple R-squared:  0.3606,	Adjusted R-squared:  0.3561 
F-statistic: 81.35 on 11 and 1587 DF,  p-value: < 2.2e-16


> summary(whites.fit)

Call:
lm(formula = quality ~ ., data = whites)

Residuals:
    Min      1Q  Median      3Q     Max 
-3.8348 -0.4934 -0.0379  0.4637  3.1143 

Coefficients:
                       Estimate Std. Error t value Pr(>|t|)    
(Intercept)           1.502e+02  1.880e+01   7.987 1.71e-15 ***
fixed.acidity         6.552e-02  2.087e-02   3.139  0.00171 ** 
volatile.acidity     -1.863e+00  1.138e-01 -16.373  < 2e-16 ***
citric.acid           2.209e-02  9.577e-02   0.231  0.81759    
residual.sugar        8.148e-02  7.527e-03  10.825  < 2e-16 ***
chlorides            -2.473e-01  5.465e-01  -0.452  0.65097    
free.sulfur.dioxide   3.733e-03  8.441e-04   4.422 9.99e-06 ***
total.sulfur.dioxide -2.857e-04  3.781e-04  -0.756  0.44979    
density              -1.503e+02  1.907e+01  -7.879 4.04e-15 ***
pH                    6.863e-01  1.054e-01   6.513 8.10e-11 ***
sulphates             6.315e-01  1.004e-01   6.291 3.44e-10 ***
alcohol               1.935e-01  2.422e-02   7.988 1.70e-15 ***
---
Signif. codes:  0 ‘***’ 0.001 ‘**’ 0.01 ‘*’ 0.05 ‘.’ 0.1 ‘ ’ 1

Residual standard error: 0.7514 on 4886 degrees of freedom
Multiple R-squared:  0.2819,	Adjusted R-squared:  0.2803 
F-statistic: 174.3 on 11 and 4886 DF,  p-value: < 2.2e-16


> reds.fit2 = lm(quality~volatile.acidity+chlorides+total.sulfur.dioxide+sulphates+alcohol, data=reds)

> whites.fit2 = lm(quality~volatile.acidity+residual.sugar+free.sulfur.dioxide+sulphates+alcohol
+ 								+density+pH+fixed.acidity, data=whites)

> summary(reds.fit2)

Call:
lm(formula = quality ~ volatile.acidity + chlorides + total.sulfur.dioxide + 
    sulphates + alcohol, data = reds)

Residuals:
     Min       1Q   Median       3Q      Max 
-2.67443 -0.38254 -0.06368  0.44893  2.07310 

Coefficients:
                       Estimate Std. Error t value Pr(>|t|)    
(Intercept)           3.0048920  0.2037663  14.747  < 2e-16 ***
volatile.acidity     -1.1419024  0.0969400 -11.779  < 2e-16 ***
chlorides            -1.7047871  0.3916886  -4.352 1.43e-05 ***
total.sulfur.dioxide -0.0023096  0.0005082  -4.544 5.92e-06 ***
sulphates             0.9148320  0.1102702   8.296 2.26e-16 ***
alcohol               0.2770979  0.0164836  16.811  < 2e-16 ***
---
Signif. codes:  0 ‘***’ 0.001 ‘**’ 0.01 ‘*’ 0.05 ‘.’ 0.1 ‘ ’ 1

Residual standard error: 0.6514 on 1593 degrees of freedom
Multiple R-squared:  0.3515,	Adjusted R-squared:  0.3495 
F-statistic: 172.7 on 5 and 1593 DF,  p-value: < 2.2e-16


> summary(whites.fit2)

Call:
lm(formula = quality ~ volatile.acidity + residual.sugar + free.sulfur.dioxide + 
    sulphates + alcohol + density + pH + fixed.acidity, data = whites)

Residuals:
    Min      1Q  Median      3Q     Max 
-3.8246 -0.4938 -0.0396  0.4660  3.1208 

Coefficients:
                      Estimate Std. Error t value Pr(>|t|)    
(Intercept)          1.541e+02  1.810e+01   8.514  < 2e-16 ***
volatile.acidity    -1.888e+00  1.095e-01 -17.242  < 2e-16 ***
residual.sugar       8.285e-02  7.287e-03  11.370  < 2e-16 ***
free.sulfur.dioxide  3.349e-03  6.766e-04   4.950 7.67e-07 ***
sulphates            6.285e-01  9.997e-02   6.287 3.52e-10 ***
alcohol              1.932e-01  2.408e-02   8.021 1.31e-15 ***
density             -1.543e+02  1.834e+01  -8.411  < 2e-16 ***
pH                   6.942e-01  1.034e-01   6.717 2.07e-11 ***
fixed.acidity        6.810e-02  2.043e-02   3.333 0.000864 ***
---
Signif. codes:  0 ‘***’ 0.001 ‘**’ 0.01 ‘*’ 0.05 ‘.’ 0.1 ‘ ’ 1

Residual standard error: 0.7512 on 4889 degrees of freedom
Multiple R-squared:  0.2818,	Adjusted R-squared:  0.2806 
F-statistic: 239.7 on 8 and 4889 DF,  p-value: < 2.2e-16


Call:
lm(formula = quality ~ ., data = reds)

Residuals:
     Min       1Q   Median       3Q      Max 
-2.68911 -0.36652 -0.04699  0.45202  2.02498 

Coefficients:
                       Estimate Std. Error t value Pr(>|t|)    
(Intercept)           2.197e+01  2.119e+01   1.036   0.3002    
fixed.acidity         2.499e-02  2.595e-02   0.963   0.3357    
volatile.acidity     -1.084e+00  1.211e-01  -8.948  < 2e-16 ***
citric.acid          -1.826e-01  1.472e-01  -1.240   0.2150    
residual.sugar        1.633e-02  1.500e-02   1.089   0.2765    
chlorides            -1.874e+00  4.193e-01  -4.470 8.37e-06 ***
free.sulfur.dioxide   4.361e-03  2.171e-03   2.009   0.0447 *  
total.sulfur.dioxide -3.265e-03  7.287e-04  -4.480 8.00e-06 ***
density              -1.788e+01  2.163e+01  -0.827   0.4086    
pH                   -4.137e-01  1.916e-01  -2.159   0.0310 *  
sulphates             9.163e-01  1.143e-01   8.014 2.13e-15 ***
alcohol               2.762e-01  2.648e-02  10.429  < 2e-16 ***
---
Signif. codes:  0 ‘***’ 0.001 ‘**’ 0.01 ‘*’ 0.05 ‘.’ 0.1 ‘ ’ 1

Residual standard error: 0.648 on 1587 degrees of freedom
Multiple R-squared:  0.3606,	Adjusted R-squared:  0.3561 
F-statistic: 81.35 on 11 and 1587 DF,  p-value: < 2.2e-16


Call:
lm(formula = quality ~ ., data = whites)

Residuals:
    Min      1Q  Median      3Q     Max 
-3.8348 -0.4934 -0.0379  0.4637  3.1143 

Coefficients:
                       Estimate Std. Error t value Pr(>|t|)    
(Intercept)           1.502e+02  1.880e+01   7.987 1.71e-15 ***
fixed.acidity         6.552e-02  2.087e-02   3.139  0.00171 ** 
volatile.acidity     -1.863e+00  1.138e-01 -16.373  < 2e-16 ***
citric.acid           2.209e-02  9.577e-02   0.231  0.81759    
residual.sugar        8.148e-02  7.527e-03  10.825  < 2e-16 ***
chlorides            -2.473e-01  5.465e-01  -0.452  0.65097    
free.sulfur.dioxide   3.733e-03  8.441e-04   4.422 9.99e-06 ***
total.sulfur.dioxide -2.857e-04  3.781e-04  -0.756  0.44979    
density              -1.503e+02  1.907e+01  -7.879 4.04e-15 ***
pH                    6.863e-01  1.054e-01   6.513 8.10e-11 ***
sulphates             6.315e-01  1.004e-01   6.291 3.44e-10 ***
alcohol               1.935e-01  2.422e-02   7.988 1.70e-15 ***
---
Signif. codes:  0 ‘***’ 0.001 ‘**’ 0.01 ‘*’ 0.05 ‘.’ 0.1 ‘ ’ 1

Residual standard error: 0.7514 on 4886 degrees of freedom
Multiple R-squared:  0.2819,	Adjusted R-squared:  0.2803 
F-statistic: 174.3 on 11 and 4886 DF,  p-value: < 2.2e-16


Call:
lm(formula = quality ~ volatile.acidity + chlorides + total.sulfur.dioxide + 
    sulphates + alcohol, data = reds)

Residuals:
     Min       1Q   Median       3Q      Max 
-2.67443 -0.38254 -0.06368  0.44893  2.07310 

Coefficients:
                       Estimate Std. Error t value Pr(>|t|)    
(Intercept)           3.0048920  0.2037663  14.747  < 2e-16 ***
volatile.acidity     -1.1419024  0.0969400 -11.779  < 2e-16 ***
chlorides            -1.7047871  0.3916886  -4.352 1.43e-05 ***
total.sulfur.dioxide -0.0023096  0.0005082  -4.544 5.92e-06 ***
sulphates             0.9148320  0.1102702   8.296 2.26e-16 ***
alcohol               0.2770979  0.0164836  16.811  < 2e-16 ***
---
Signif. codes:  0 ‘***’ 0.001 ‘**’ 0.01 ‘*’ 0.05 ‘.’ 0.1 ‘ ’ 1

Residual standard error: 0.6514 on 1593 degrees of freedom
Multiple R-squared:  0.3515,	Adjusted R-squared:  0.3495 
F-statistic: 172.7 on 5 and 1593 DF,  p-value: < 2.2e-16


Call:
lm(formula = quality ~ volatile.acidity + residual.sugar + free.sulfur.dioxide + 
    sulphates + alcohol + density + pH + fixed.acidity, data = whites)

Residuals:
    Min      1Q  Median      3Q     Max 
-3.8246 -0.4938 -0.0396  0.4660  3.1208 

Coefficients:
                      Estimate Std. Error t value Pr(>|t|)    
(Intercept)          1.541e+02  1.810e+01   8.514  < 2e-16 ***
volatile.acidity    -1.888e+00  1.095e-01 -17.242  < 2e-16 ***
residual.sugar       8.285e-02  7.287e-03  11.370  < 2e-16 ***
free.sulfur.dioxide  3.349e-03  6.766e-04   4.950 7.67e-07 ***
sulphates            6.285e-01  9.997e-02   6.287 3.52e-10 ***
alcohol              1.932e-01  2.408e-02   8.021 1.31e-15 ***
density             -1.543e+02  1.834e+01  -8.411  < 2e-16 ***
pH                   6.942e-01  1.034e-01   6.717 2.07e-11 ***
fixed.acidity        6.810e-02  2.043e-02   3.333 0.000864 ***
---
Signif. codes:  0 ‘***’ 0.001 ‘**’ 0.01 ‘*’ 0.05 ‘.’ 0.1 ‘ ’ 1

Residual standard error: 0.7512 on 4889 degrees of freedom
Multiple R-squared:  0.2818,	Adjusted R-squared:  0.2806 
F-statistic: 239.7 on 8 and 4889 DF,  p-value: < 2.2e-16


Call:
lm(formula = quality ~ ., data = reds)

Residuals:
     Min       1Q   Median       3Q      Max 
-2.68911 -0.36652 -0.04699  0.45202  2.02498 

Coefficients:
                       Estimate Std. Error t value Pr(>|t|)    
(Intercept)           2.197e+01  2.119e+01   1.036   0.3002    
fixed.acidity         2.499e-02  2.595e-02   0.963   0.3357    
volatile.acidity     -1.084e+00  1.211e-01  -8.948  < 2e-16 ***
citric.acid          -1.826e-01  1.472e-01  -1.240   0.2150    
residual.sugar        1.633e-02  1.500e-02   1.089   0.2765    
chlorides            -1.874e+00  4.193e-01  -4.470 8.37e-06 ***
free.sulfur.dioxide   4.361e-03  2.171e-03   2.009   0.0447 *  
total.sulfur.dioxide -3.265e-03  7.287e-04  -4.480 8.00e-06 ***
density              -1.788e+01  2.163e+01  -0.827   0.4086    
pH                   -4.137e-01  1.916e-01  -2.159   0.0310 *  
sulphates             9.163e-01  1.143e-01   8.014 2.13e-15 ***
alcohol               2.762e-01  2.648e-02  10.429  < 2e-16 ***
---
Signif. codes:  0 ‘***’ 0.001 ‘**’ 0.01 ‘*’ 0.05 ‘.’ 0.1 ‘ ’ 1

Residual standard error: 0.648 on 1587 degrees of freedom
Multiple R-squared:  0.3606,	Adjusted R-squared:  0.3561 
F-statistic: 81.35 on 11 and 1587 DF,  p-value: < 2.2e-16


Call:
lm(formula = quality ~ ., data = whites)

Residuals:
    Min      1Q  Median      3Q     Max 
-3.8348 -0.4934 -0.0379  0.4637  3.1143 

Coefficients:
                       Estimate Std. Error t value Pr(>|t|)    
(Intercept)           1.502e+02  1.880e+01   7.987 1.71e-15 ***
fixed.acidity         6.552e-02  2.087e-02   3.139  0.00171 ** 
volatile.acidity     -1.863e+00  1.138e-01 -16.373  < 2e-16 ***
citric.acid           2.209e-02  9.577e-02   0.231  0.81759    
residual.sugar        8.148e-02  7.527e-03  10.825  < 2e-16 ***
chlorides            -2.473e-01  5.465e-01  -0.452  0.65097    
free.sulfur.dioxide   3.733e-03  8.441e-04   4.422 9.99e-06 ***
total.sulfur.dioxide -2.857e-04  3.781e-04  -0.756  0.44979    
density              -1.503e+02  1.907e+01  -7.879 4.04e-15 ***
pH                    6.863e-01  1.054e-01   6.513 8.10e-11 ***
sulphates             6.315e-01  1.004e-01   6.291 3.44e-10 ***
alcohol               1.935e-01  2.422e-02   7.988 1.70e-15 ***
---
Signif. codes:  0 ‘***’ 0.001 ‘**’ 0.01 ‘*’ 0.05 ‘.’ 0.1 ‘ ’ 1

Residual standard error: 0.7514 on 4886 degrees of freedom
Multiple R-squared:  0.2819,	Adjusted R-squared:  0.2803 
F-statistic: 174.3 on 11 and 4886 DF,  p-value: < 2.2e-16


Call:
lm(formula = quality ~ volatile.acidity + chlorides + total.sulfur.dioxide + 
    sulphates + alcohol, data = reds)

Residuals:
     Min       1Q   Median       3Q      Max 
-2.67443 -0.38254 -0.06368  0.44893  2.07310 

Coefficients:
                       Estimate Std. Error t value Pr(>|t|)    
(Intercept)           3.0048920  0.2037663  14.747  < 2e-16 ***
volatile.acidity     -1.1419024  0.0969400 -11.779  < 2e-16 ***
chlorides            -1.7047871  0.3916886  -4.352 1.43e-05 ***
total.sulfur.dioxide -0.0023096  0.0005082  -4.544 5.92e-06 ***
sulphates             0.9148320  0.1102702   8.296 2.26e-16 ***
alcohol               0.2770979  0.0164836  16.811  < 2e-16 ***
---
Signif. codes:  0 ‘***’ 0.001 ‘**’ 0.01 ‘*’ 0.05 ‘.’ 0.1 ‘ ’ 1

Residual standard error: 0.6514 on 1593 degrees of freedom
Multiple R-squared:  0.3515,	Adjusted R-squared:  0.3495 
F-statistic: 172.7 on 5 and 1593 DF,  p-value: < 2.2e-16


Call:
lm(formula = quality ~ volatile.acidity + residual.sugar + free.sulfur.dioxide + 
    sulphates + alcohol + density + pH + fixed.acidity, data = whites)

Residuals:
    Min      1Q  Median      3Q     Max 
-3.8246 -0.4938 -0.0396  0.4660  3.1208 

Coefficients:
                      Estimate Std. Error t value Pr(>|t|)    
(Intercept)          1.541e+02  1.810e+01   8.514  < 2e-16 ***
volatile.acidity    -1.888e+00  1.095e-01 -17.242  < 2e-16 ***
residual.sugar       8.285e-02  7.287e-03  11.370  < 2e-16 ***
free.sulfur.dioxide  3.349e-03  6.766e-04   4.950 7.67e-07 ***
sulphates            6.285e-01  9.997e-02   6.287 3.52e-10 ***
alcohol              1.932e-01  2.408e-02   8.021 1.31e-15 ***
density             -1.543e+02  1.834e+01  -8.411  < 2e-16 ***
pH                   6.942e-01  1.034e-01   6.717 2.07e-11 ***
fixed.acidity        6.810e-02  2.043e-02   3.333 0.000864 ***
---
Signif. codes:  0 ‘***’ 0.001 ‘**’ 0.01 ‘*’ 0.05 ‘.’ 0.1 ‘ ’ 1

Residual standard error: 0.7512 on 4889 degrees of freedom
Multiple R-squared:  0.2818,	Adjusted R-squared:  0.2806 
F-statistic: 239.7 on 8 and 4889 DF,  p-value: < 2.2e-16


Call:
lm(formula = quality ~ ., data = reds)

Residuals:
     Min       1Q   Median       3Q      Max 
-2.68911 -0.36652 -0.04699  0.45202  2.02498 

Coefficients:
                       Estimate Std. Error t value Pr(>|t|)    
(Intercept)           2.197e+01  2.119e+01   1.036   0.3002    
fixed.acidity         2.499e-02  2.595e-02   0.963   0.3357    
volatile.acidity     -1.084e+00  1.211e-01  -8.948  < 2e-16 ***
citric.acid          -1.826e-01  1.472e-01  -1.240   0.2150    
residual.sugar        1.633e-02  1.500e-02   1.089   0.2765    
chlorides            -1.874e+00  4.193e-01  -4.470 8.37e-06 ***
free.sulfur.dioxide   4.361e-03  2.171e-03   2.009   0.0447 *  
total.sulfur.dioxide -3.265e-03  7.287e-04  -4.480 8.00e-06 ***
density              -1.788e+01  2.163e+01  -0.827   0.4086    
pH                   -4.137e-01  1.916e-01  -2.159   0.0310 *  
sulphates             9.163e-01  1.143e-01   8.014 2.13e-15 ***
alcohol               2.762e-01  2.648e-02  10.429  < 2e-16 ***
---
Signif. codes:  0 ‘***’ 0.001 ‘**’ 0.01 ‘*’ 0.05 ‘.’ 0.1 ‘ ’ 1

Residual standard error: 0.648 on 1587 degrees of freedom
Multiple R-squared:  0.3606,	Adjusted R-squared:  0.3561 
F-statistic: 81.35 on 11 and 1587 DF,  p-value: < 2.2e-16


Call:
lm(formula = quality ~ ., data = whites)

Residuals:
    Min      1Q  Median      3Q     Max 
-3.8348 -0.4934 -0.0379  0.4637  3.1143 

Coefficients:
                       Estimate Std. Error t value Pr(>|t|)    
(Intercept)           1.502e+02  1.880e+01   7.987 1.71e-15 ***
fixed.acidity         6.552e-02  2.087e-02   3.139  0.00171 ** 
volatile.acidity     -1.863e+00  1.138e-01 -16.373  < 2e-16 ***
citric.acid           2.209e-02  9.577e-02   0.231  0.81759    
residual.sugar        8.148e-02  7.527e-03  10.825  < 2e-16 ***
chlorides            -2.473e-01  5.465e-01  -0.452  0.65097    
free.sulfur.dioxide   3.733e-03  8.441e-04   4.422 9.99e-06 ***
total.sulfur.dioxide -2.857e-04  3.781e-04  -0.756  0.44979    
density              -1.503e+02  1.907e+01  -7.879 4.04e-15 ***
pH                    6.863e-01  1.054e-01   6.513 8.10e-11 ***
sulphates             6.315e-01  1.004e-01   6.291 3.44e-10 ***
alcohol               1.935e-01  2.422e-02   7.988 1.70e-15 ***
---
Signif. codes:  0 ‘***’ 0.001 ‘**’ 0.01 ‘*’ 0.05 ‘.’ 0.1 ‘ ’ 1

Residual standard error: 0.7514 on 4886 degrees of freedom
Multiple R-squared:  0.2819,	Adjusted R-squared:  0.2803 
F-statistic: 174.3 on 11 and 4886 DF,  p-value: < 2.2e-16


Call:
lm(formula = quality ~ volatile.acidity + chlorides + total.sulfur.dioxide + 
    sulphates + alcohol, data = reds)

Residuals:
     Min       1Q   Median       3Q      Max 
-2.67443 -0.38254 -0.06368  0.44893  2.07310 

Coefficients:
                       Estimate Std. Error t value Pr(>|t|)    
(Intercept)           3.0048920  0.2037663  14.747  < 2e-16 ***
volatile.acidity     -1.1419024  0.0969400 -11.779  < 2e-16 ***
chlorides            -1.7047871  0.3916886  -4.352 1.43e-05 ***
total.sulfur.dioxide -0.0023096  0.0005082  -4.544 5.92e-06 ***
sulphates             0.9148320  0.1102702   8.296 2.26e-16 ***
alcohol               0.2770979  0.0164836  16.811  < 2e-16 ***
---
Signif. codes:  0 ‘***’ 0.001 ‘**’ 0.01 ‘*’ 0.05 ‘.’ 0.1 ‘ ’ 1

Residual standard error: 0.6514 on 1593 degrees of freedom
Multiple R-squared:  0.3515,	Adjusted R-squared:  0.3495 
F-statistic: 172.7 on 5 and 1593 DF,  p-value: < 2.2e-16


Call:
lm(formula = quality ~ volatile.acidity + residual.sugar + free.sulfur.dioxide + 
    sulphates + alcohol + density + pH + fixed.acidity, data = whites)

Residuals:
    Min      1Q  Median      3Q     Max 
-3.8246 -0.4938 -0.0396  0.4660  3.1208 

Coefficients:
                      Estimate Std. Error t value Pr(>|t|)    
(Intercept)          1.541e+02  1.810e+01   8.514  < 2e-16 ***
volatile.acidity    -1.888e+00  1.095e-01 -17.242  < 2e-16 ***
residual.sugar       8.285e-02  7.287e-03  11.370  < 2e-16 ***
free.sulfur.dioxide  3.349e-03  6.766e-04   4.950 7.67e-07 ***
sulphates            6.285e-01  9.997e-02   6.287 3.52e-10 ***
alcohol              1.932e-01  2.408e-02   8.021 1.31e-15 ***
density             -1.543e+02  1.834e+01  -8.411  < 2e-16 ***
pH                   6.942e-01  1.034e-01   6.717 2.07e-11 ***
fixed.acidity        6.810e-02  2.043e-02   3.333 0.000864 ***
---
Signif. codes:  0 ‘***’ 0.001 ‘**’ 0.01 ‘*’ 0.05 ‘.’ 0.1 ‘ ’ 1

Residual standard error: 0.7512 on 4889 degrees of freedom
Multiple R-squared:  0.2818,	Adjusted R-squared:  0.2806 
F-statistic: 239.7 on 8 and 4889 DF,  p-value: < 2.2e-16


Call:
lm(formula = quality ~ ., data = reds)

Coefficients:
         (Intercept)         fixed.acidity      volatile.acidity  
           21.965208              0.024991             -1.083590  
         citric.acid        residual.sugar             chlorides  
           -0.182564              0.016331             -1.874225  
 free.sulfur.dioxide  total.sulfur.dioxide               density  
            0.004361             -0.003265            -17.881164  
                  pH             sulphates               alcohol  
           -0.413653              0.916334              0.276198  


Call:
lm(formula = quality ~ ., data = whites)

Coefficients:
         (Intercept)         fixed.acidity      volatile.acidity  
           1.502e+02             6.552e-02            -1.863e+00  
         citric.acid        residual.sugar             chlorides  
           2.209e-02             8.148e-02            -2.473e-01  
 free.sulfur.dioxide  total.sulfur.dioxide               density  
           3.733e-03            -2.857e-04            -1.503e+02  
                  pH             sulphates               alcohol  
           6.863e-01             6.315e-01             1.935e-01  


Call:
lm(formula = quality ~ ., data = whites)

Coefficients:
         (Intercept)         fixed.acidity      volatile.acidity  
           1.502e+02             6.552e-02            -1.863e+00  
         citric.acid        residual.sugar             chlorides  
           2.209e-02             8.148e-02            -2.473e-01  
 free.sulfur.dioxide  total.sulfur.dioxide               density  
           3.733e-03            -2.857e-04            -1.503e+02  
                  pH             sulphates               alcohol  
           6.863e-01             6.315e-01             1.935e-01  


Call:
lm(formula = quality ~ ., data = reds)

Coefficients:
         (Intercept)         fixed.acidity      volatile.acidity  
           21.965208              0.024991             -1.083590  
         citric.acid        residual.sugar             chlorides  
           -0.182564              0.016331             -1.874225  
 free.sulfur.dioxide  total.sulfur.dioxide               density  
            0.004361             -0.003265            -17.881164  
                  pH             sulphates               alcohol  
           -0.413653              0.916334              0.276198  


Call:
lm(formula = quality ~ volatile.acidity + residual.sugar + free.sulfur.dioxide + 
    sulphates + alcohol + density + pH + fixed.acidity, data = whites)

Coefficients:
        (Intercept)     volatile.acidity       residual.sugar  
          1.541e+02           -1.888e+00            8.285e-02  
free.sulfur.dioxide            sulphates              alcohol  
          3.349e-03            6.285e-01            1.932e-01  
            density                   pH        fixed.acidity  
         -1.543e+02            6.942e-01            6.810e-02  

